
**************************************************
   Model: cnet
Training: §cifar-gen-DGAN-train
 Testing: standard-cifar-train-crop[1000]

             precision    recall  f1-score   support

          0       0.23      0.54      0.33        97
          1       0.15      0.47      0.23        97
          2       0.20      0.27      0.23        96
          3       0.08      0.05      0.06       103
          4       0.27      0.10      0.15        96
          5       0.20      0.07      0.11       120
          6       0.13      0.09      0.11        99
          7       0.16      0.06      0.09        99
          8       0.17      0.05      0.08       101
          9       0.28      0.22      0.24        92

avg / total       0.19      0.19      0.16      1000

**************************************************
   Model: cnet
Training: §cifar-gen-DGAN-train
 Testing: standard-cifar-test-crop[1000]

             precision    recall  f1-score   support

          0       0.24      0.52      0.33       105
          1       0.13      0.36      0.19       105
          2       0.19      0.20      0.20       108
          3       0.18      0.13      0.15       108
          4       0.16      0.07      0.10        84
          5       0.21      0.11      0.14        85
          6       0.19      0.13      0.16       107
          7       0.13      0.03      0.05       101
          8       0.27      0.11      0.16        98
          9       0.24      0.15      0.19        99

avg / total       0.19      0.19      0.17      1000

**************************************************
   Model: cnet
Training: §cifar-gen-DGAN-train
 Testing: §cifar-gen-DGAN-test

             precision    recall  f1-score   support

          0       0.93      1.00      0.96        27
          1       0.94      0.97      0.96        34
          2       0.97      0.93      0.95        30
          3       0.92      0.92      0.92        25
          4       1.00      0.93      0.96        29
          5       0.95      0.97      0.96        38
          6       0.93      1.00      0.96        25
          7       1.00      0.97      0.98        29
          8       1.00      0.93      0.96        27
          9       0.95      0.95      0.95        39

avg / total       0.96      0.96      0.96       303

**************************************************
   Model: cnet
Training: standard-cifar-train-crop[1000]
 Testing: standard-cifar-test-crop[1000]

             precision    recall  f1-score   support

          0       0.56      0.33      0.42       105
          1       0.37      0.50      0.42       105
          2       0.38      0.07      0.12       108
          3       0.50      0.01      0.02       108
          4       0.22      0.42      0.29        84
          5       0.19      0.46      0.27        85
          6       1.00      0.01      0.02       107
          7       0.32      0.27      0.29       101
          8       0.29      0.65      0.41        98
          9       0.38      0.40      0.39        99

avg / total       0.43      0.30      0.26      1000

**************************************************
   Model: cnet
Training: standard-cifar-train-crop[1000]
 Testing: §cifar-gen-DGAN-test

             precision    recall  f1-score   support

          0       0.69      0.33      0.45        27
          1       0.26      0.29      0.28        34
          2       0.40      0.07      0.11        30
          3       0.50      0.04      0.07        25
          4       0.38      0.62      0.47        29
          5       0.22      0.47      0.30        38
          6       0.00      0.00      0.00        25
          7       0.50      0.45      0.47        29
          8       0.26      0.48      0.34        27
          9       0.44      0.46      0.45        39

avg / total       0.36      0.34      0.31       303

**************************************************
   Model: cnet
Training: standard-cifar-train-crop[1000]
 Testing: §cifar-gen-DGAN

             precision    recall  f1-score   support

          0       0.71      0.36      0.47       101
          1       0.31      0.36      0.33       101
          2       0.48      0.10      0.16       101
          3       0.29      0.02      0.04       101
          4       0.34      0.61      0.43       101
          5       0.20      0.54      0.29       101
          6       0.00      0.00      0.00       101
          7       0.57      0.46      0.51       101
          8       0.30      0.46      0.36       101
          9       0.35      0.44      0.39       101

avg / total       0.35      0.33      0.30      1010

**************************************************
   Model: cnet
Training: §cifar-gen-DGAN
 Testing: standard-cifar-test

             precision    recall  f1-score   support

          0       0.33      0.23      0.27      1000
          1       0.27      0.05      0.08      1000
          2       0.09      0.02      0.04      1000
          3       0.16      0.03      0.04      1000
          4       0.13      0.20      0.16      1000
          5       0.14      0.10      0.11      1000
          6       0.12      0.74      0.21      1000
          7       0.39      0.02      0.04      1000
          8       0.37      0.04      0.07      1000
          9       0.29      0.07      0.11      1000

avg / total       0.23      0.15      0.11     10000

**************************************************
   Model: cnet
Training: §cifar-gen-DGAN
 Testing: standard-cifar-all

             precision    recall  f1-score   support

          0       0.35      0.22      0.27      6000
          1       0.28      0.05      0.08      6000
          2       0.12      0.03      0.05      6000
          3       0.17      0.03      0.04      6000
          4       0.13      0.19      0.15      6000
          5       0.13      0.09      0.10      6000
          6       0.12      0.75      0.21      6000
          7       0.34      0.02      0.04      6000
          8       0.42      0.04      0.07      6000
          9       0.33      0.07      0.12      6000

avg / total       0.24      0.15      0.11     60000
