
**************************************************
   Model: linsvc
Training: §fashion-gen-DGAN-train
 Testing: standard-fashion-train-crop[1000]

             precision    recall  f1-score   support

          0       0.63      0.60      0.61       107
          1       0.94      0.97      0.95        92
          2       0.34      0.36      0.35        85
          3       0.74      0.67      0.70       102
          4       0.48      0.34      0.40        85
          5       0.98      0.42      0.59       113
          6       0.37      0.57      0.45        96
          7       0.74      0.76      0.75        96
          8       0.78      0.78      0.78       107
          9       0.70      0.95      0.80       117

avg / total       0.68      0.65      0.65      1000

**************************************************
   Model: linsvc
Training: §fashion-gen-DGAN-train
 Testing: standard-fashion-test-crop[1000]

             precision    recall  f1-score   support

          0       0.58      0.56      0.57       114
          1       0.94      0.91      0.92        97
          2       0.49      0.53      0.51       117
          3       0.79      0.62      0.69       102
          4       0.51      0.40      0.45        97
          5       0.93      0.40      0.56        92
          6       0.32      0.52      0.40       102
          7       0.79      0.83      0.81        93
          8       0.85      0.78      0.81        95
          9       0.71      0.97      0.82        91

avg / total       0.68      0.65      0.65      1000

**************************************************
   Model: linsvc
Training: §fashion-gen-DGAN-train
 Testing: §fashion-gen-DGAN-test

             precision    recall  f1-score   support

          0       1.00      1.00      1.00        25
          1       1.00      1.00      1.00        32
          2       1.00      1.00      1.00        27
          3       1.00      1.00      1.00        33
          4       1.00      1.00      1.00        28
          5       1.00      1.00      1.00        28
          6       1.00      1.00      1.00        25
          7       1.00      1.00      1.00        22
          8       1.00      1.00      1.00        32
          9       1.00      1.00      1.00        33

avg / total       1.00      1.00      1.00       285

**************************************************
   Model: linsvc
Training: standard-fashion-train-crop[1000]
 Testing: standard-fashion-test-crop[1000]

             precision    recall  f1-score   support

          0       0.75      0.75      0.75       114
          1       0.94      0.91      0.92        97
          2       0.72      0.67      0.69       117
          3       0.82      0.77      0.80       102
          4       0.64      0.58      0.61        97
          5       0.87      0.60      0.71        92
          6       0.40      0.55      0.46       102
          7       0.77      0.91      0.83        93
          8       0.90      0.81      0.85        95
          9       0.82      0.91      0.86        91

avg / total       0.76      0.74      0.75      1000

**************************************************
   Model: linsvc
Training: standard-fashion-train-crop[1000]
 Testing: §fashion-gen-DGAN-test

             precision    recall  f1-score   support

          0       0.65      0.60      0.63        25
          1       0.97      0.97      0.97        32
          2       0.70      0.59      0.64        27
          3       0.94      0.97      0.96        33
          4       0.63      0.61      0.62        28
          5       0.95      0.64      0.77        28
          6       0.32      0.52      0.39        25
          7       0.79      0.68      0.73        22
          8       0.96      0.75      0.84        32
          9       0.74      0.94      0.83        33

avg / total       0.78      0.74      0.75       285

**************************************************
   Model: linsvc
Training: standard-fashion-train-crop[1000]
 Testing: §fashion-gen-DGAN

             precision    recall  f1-score   support

          0       0.59      0.57      0.58        95
          1       0.99      0.98      0.98        95
          2       0.65      0.47      0.55        95
          3       0.83      0.93      0.88        95
          4       0.64      0.58      0.61        95
          5       0.94      0.69      0.80        95
          6       0.35      0.52      0.41        95
          7       0.88      0.75      0.81        95
          8       0.95      0.81      0.87        95
          9       0.69      0.94      0.79        95

avg / total       0.75      0.72      0.73       950

**************************************************
   Model: linsvc
Training: §fashion-gen-DGAN
 Testing: standard-fashion-test

             precision    recall  f1-score   support

          0       0.61      0.48      0.54      1000
          1       0.96      0.93      0.94      1000
          2       0.43      0.49      0.46      1000
          3       0.71      0.69      0.70      1000
          4       0.54      0.34      0.41      1000
          5       0.96      0.45      0.61      1000
          6       0.33      0.54      0.41      1000
          7       0.77      0.68      0.72      1000
          8       0.80      0.81      0.80      1000
          9       0.63      0.97      0.77      1000

avg / total       0.67      0.64      0.64     10000

**************************************************
   Model: linsvc
Training: §fashion-gen-DGAN
 Testing: standard-fashion-all

             precision    recall  f1-score   support

          0       0.64      0.48      0.55      7000
          1       0.95      0.94      0.94      7000
          2       0.43      0.48      0.45      7000
          3       0.73      0.71      0.72      7000
          4       0.55      0.37      0.44      7000
          5       0.95      0.45      0.61      7000
          6       0.34      0.55      0.42      7000
          7       0.77      0.67      0.72      7000
          8       0.80      0.81      0.81      7000
          9       0.64      0.97      0.77      7000

avg / total       0.68      0.64      0.64     70000

**************************************************
   Model: cnet
Training: §fashion-gen-DGAN-train
 Testing: standard-fashion-train-crop[1000]

             precision    recall  f1-score   support

          0       0.71      0.79      0.75       107
          1       0.98      0.96      0.97        92
          2       0.51      0.61      0.56        85
          3       0.79      0.81      0.80       102
          4       0.53      0.56      0.55        85
          5       0.88      0.88      0.88       113
          6       0.51      0.32      0.39        96
          7       0.86      0.78      0.82        96
          8       0.93      0.86      0.89       107
          9       0.83      0.96      0.89       117

avg / total       0.76      0.76      0.76      1000

**************************************************
   Model: cnet
Training: §fashion-gen-DGAN-train
 Testing: standard-fashion-test-crop[1000]

             precision    recall  f1-score   support

          0       0.74      0.79      0.77       114
          1       0.99      0.92      0.95        97
          2       0.53      0.66      0.59       117
          3       0.78      0.82      0.80       102
          4       0.49      0.45      0.47        97
          5       0.83      0.85      0.84        92
          6       0.43      0.31      0.36       102
          7       0.85      0.89      0.87        93
          8       0.92      0.82      0.87        95
          9       0.91      0.95      0.93        91

avg / total       0.74      0.74      0.74      1000

**************************************************
   Model: cnet
Training: §fashion-gen-DGAN-train
 Testing: §fashion-gen-DGAN-test

             precision    recall  f1-score   support

          0       0.80      0.96      0.87        25
          1       1.00      1.00      1.00        32
          2       0.79      0.96      0.87        27
          3       1.00      0.94      0.97        33
          4       0.77      0.82      0.79        28
          5       1.00      1.00      1.00        28
          6       0.93      0.56      0.70        25
          7       0.92      1.00      0.96        22
          8       1.00      0.97      0.98        32
          9       1.00      0.94      0.97        33

avg / total       0.93      0.92      0.92       285

**************************************************
   Model: cnet
Training: standard-fashion-train-crop[1000]
 Testing: standard-fashion-test-crop[1000]

             precision    recall  f1-score   support

          0       0.76      0.73      0.74       114
          1       0.92      0.93      0.92        97
          2       0.55      0.55      0.55       117
          3       0.83      0.79      0.81       102
          4       1.00      0.01      0.02        97
          5       0.79      0.96      0.87        92
          6       0.30      0.62      0.40       102
          7       0.87      0.87      0.87        93
          8       0.96      0.83      0.89        95
          9       0.97      0.86      0.91        91

avg / total       0.79      0.71      0.69      1000

**************************************************
   Model: cnet
Training: standard-fashion-train-crop[1000]
 Testing: §fashion-gen-DGAN-test

             precision    recall  f1-score   support

          0       0.84      0.64      0.73        25
          1       0.97      0.97      0.97        32
          2       0.56      0.70      0.62        27
          3       0.88      0.88      0.88        33
          4       0.75      0.11      0.19        28
          5       0.93      1.00      0.97        28
          6       0.32      0.72      0.44        25
          7       0.87      0.91      0.89        22
          8       1.00      0.72      0.84        32
          9       0.94      0.88      0.91        33

avg / total       0.82      0.76      0.75       285

**************************************************
   Model: cnet
Training: standard-fashion-train-crop[1000]
 Testing: §fashion-gen-DGAN

             precision    recall  f1-score   support

          0       0.81      0.71      0.75        95
          1       0.94      0.96      0.95        95
          2       0.59      0.66      0.62        95
          3       0.77      0.79      0.78        95
          4       0.80      0.13      0.22        95
          5       0.90      1.00      0.95        95
          6       0.36      0.67      0.47        95
          7       0.92      0.88      0.90        95
          8       0.95      0.79      0.86        95
          9       0.91      0.91      0.91        95

avg / total       0.79      0.75      0.74       950

**************************************************
   Model: cnet
Training: §fashion-gen-DGAN
 Testing: standard-fashion-test

             precision    recall  f1-score   support

          0       0.60      0.86      0.71      1000
          1       0.97      0.92      0.94      1000
          2       0.68      0.28      0.40      1000
          3       0.87      0.61      0.72      1000
          4       0.42      0.87      0.57      1000
          5       0.87      0.87      0.87      1000
          6       0.44      0.16      0.24      1000
          7       0.86      0.83      0.84      1000
          8       0.86      0.92      0.89      1000
          9       0.89      0.93      0.91      1000

avg / total       0.75      0.73      0.71     10000

**************************************************
   Model: cnet
Training: §fashion-gen-DGAN
 Testing: standard-fashion-all

             precision    recall  f1-score   support

          0       0.62      0.89      0.73      7000
          1       0.97      0.93      0.95      7000
          2       0.72      0.30      0.43      7000
          3       0.89      0.64      0.74      7000
          4       0.43      0.89      0.58      7000
          5       0.87      0.88      0.87      7000
          6       0.45      0.16      0.24      7000
          7       0.87      0.83      0.84      7000
          8       0.87      0.91      0.89      7000
          9       0.89      0.93      0.91      7000

avg / total       0.76      0.73      0.72     70000
