
**************************************************
   Model: cnet
Training: §cifar-gen-styl-scream-train
 Testing: standard-cifar-train

             precision    recall  f1-score   support

          0       0.47      0.15      0.23      5000
          1       0.41      0.57      0.48      5000
          2       0.17      0.55      0.26      5000
          3       0.39      0.16      0.23      5000
          4       0.45      0.29      0.36      5000
          5       0.37      0.54      0.44      5000
          6       0.70      0.17      0.27      5000
          7       0.56      0.53      0.54      5000
          8       0.38      0.04      0.07      5000
          9       0.40      0.48      0.44      5000

avg / total       0.43      0.35      0.33     50000

**************************************************
   Model: cnet
Training: §cifar-gen-styl-scream-train
 Testing: standard-cifar-test

             precision    recall  f1-score   support

          0       0.46      0.14      0.22      1000
          1       0.41      0.55      0.47      1000
          2       0.16      0.51      0.24      1000
          3       0.35      0.14      0.20      1000
          4       0.41      0.27      0.33      1000
          5       0.34      0.52      0.41      1000
          6       0.63      0.17      0.27      1000
          7       0.55      0.50      0.52      1000
          8       0.38      0.04      0.07      1000
          9       0.38      0.47      0.42      1000

avg / total       0.41      0.33      0.32     10000

**************************************************
   Model: cnet
Training: §cifar-gen-styl-scream-train
 Testing: §cifar-gen-styl-scream-test

             precision    recall  f1-score   support

          0       0.56      0.56      0.56      1480
          1       0.56      0.68      0.62      1510
          2       0.36      0.52      0.42      1518
          3       0.43      0.13      0.19      1458
          4       0.41      0.48      0.44      1483
          5       0.58      0.26      0.35      1538
          6       0.37      0.65      0.47      1516
          7       0.66      0.53      0.59      1556
          8       0.63      0.58      0.61      1512
          9       0.55      0.50      0.53      1429

avg / total       0.51      0.49      0.48     15000

**************************************************
   Model: cnet
Training: standard-cifar-train
 Testing: standard-cifar-test

             precision    recall  f1-score   support

          0       0.76      0.66      0.71      1000
          1       0.53      0.91      0.67      1000
          2       0.58      0.53      0.55      1000
          3       0.47      0.54      0.50      1000
          4       0.68      0.54      0.60      1000
          5       0.56      0.64      0.60      1000
          6       0.84      0.67      0.75      1000
          7       0.64      0.81      0.71      1000
          8       0.65      0.86      0.74      1000
          9       0.00      0.00      0.00      1000

avg / total       0.57      0.62      0.58     10000

**************************************************
   Model: cnet
Training: standard-cifar-train
 Testing: §cifar-gen-styl-scream-test

             precision    recall  f1-score   support

          0       0.54      0.16      0.24      1480
          1       0.23      0.43      0.30      1510
          2       0.39      0.08      0.13      1518
          3       0.16      0.64      0.25      1458
          4       0.31      0.21      0.25      1483
          5       0.56      0.12      0.20      1538
          6       0.29      0.33      0.31      1516
          7       0.36      0.49      0.41      1556
          8       0.66      0.10      0.18      1512
          9       0.00      0.00      0.00      1429

avg / total       0.35      0.26      0.23     15000

**************************************************
   Model: cnet
Training: standard-cifar-train
 Testing: §cifar-gen-styl-scream

             precision    recall  f1-score   support

          0       0.52      0.14      0.22      5000
          1       0.23      0.44      0.30      5000
          2       0.36      0.08      0.13      5000
          3       0.16      0.64      0.25      5000
          4       0.30      0.21      0.25      5000
          5       0.53      0.12      0.19      5000
          6       0.28      0.33      0.30      5000
          7       0.35      0.50      0.41      5000
          8       0.65      0.11      0.19      5000
          9       0.00      0.00      0.00      5000

avg / total       0.34      0.26      0.23     50000

**************************************************
   Model: cnet
Training: §cifar-gen-styl-scream
 Testing: standard-cifar-test

             precision    recall  f1-score   support

          0       0.49      0.19      0.28      1000
          1       0.51      0.47      0.49      1000
          2       0.16      0.51      0.24      1000
          3       0.24      0.22      0.23      1000
          4       0.46      0.09      0.15      1000
          5       0.27      0.62      0.38      1000
          6       0.77      0.08      0.15      1000
          7       0.54      0.47      0.50      1000
          8       0.43      0.06      0.10      1000
          9       0.44      0.46      0.45      1000

avg / total       0.43      0.32      0.30     10000

**************************************************
   Model: cnet
Training: §cifar-gen-styl-scream
 Testing: standard-cifar-all

             precision    recall  f1-score   support

          0       0.49      0.20      0.28      6000
          1       0.52      0.49      0.51      6000
          2       0.17      0.53      0.25      6000
          3       0.26      0.22      0.24      6000
          4       0.50      0.10      0.17      6000
          5       0.29      0.64      0.40      6000
          6       0.79      0.08      0.15      6000
          7       0.56      0.48      0.52      6000
          8       0.42      0.05      0.09      6000
          9       0.44      0.47      0.46      6000

avg / total       0.44      0.33      0.31     60000
