
**************************************************
   Model: linsvc
Training: §cifar-gen-sty-street-train
 Testing: standard-cifar-train

             precision    recall  f1-score   support

          0       0.08      0.01      0.02      5000
          1       0.23      0.08      0.12      5000
          2       0.11      0.04      0.06      5000
          3       0.13      0.08      0.10      5000
          4       0.15      0.43      0.22      5000
          5       0.22      0.04      0.06      5000
          6       0.21      0.01      0.01      5000
          7       0.23      0.09      0.13      5000
          8       0.19      0.27      0.22      5000
          9       0.16      0.56      0.24      5000

avg / total       0.17      0.16      0.12     50000

**************************************************
   Model: linsvc
Training: §cifar-gen-sty-street-train
 Testing: standard-cifar-test

             precision    recall  f1-score   support

          0       0.06      0.01      0.01      1000
          1       0.23      0.08      0.11      1000
          2       0.10      0.04      0.06      1000
          3       0.12      0.07      0.09      1000
          4       0.14      0.41      0.21      1000
          5       0.19      0.04      0.06      1000
          6       0.16      0.00      0.01      1000
          7       0.22      0.09      0.12      1000
          8       0.17      0.25      0.20      1000
          9       0.15      0.54      0.23      1000

avg / total       0.16      0.15      0.11     10000

**************************************************
   Model: linsvc
Training: §cifar-gen-sty-street-train
 Testing: §cifar-gen-sty-street-test

             precision    recall  f1-score   support

          0       0.42      0.48      0.45      1493
          1       0.46      0.60      0.52      1508
          2       0.19      0.67      0.30      1471
          3       0.36      0.04      0.07      1477
          4       0.24      0.44      0.31      1501
          5       0.37      0.16      0.22      1455
          6       0.70      0.07      0.13      1536
          7       0.57      0.30      0.40      1509
          8       0.68      0.32      0.43      1550
          9       0.51      0.33      0.40      1500

avg / total       0.45      0.34      0.32     15000

**************************************************
   Model: linsvc
Training: standard-cifar-train
 Testing: standard-cifar-test

             precision    recall  f1-score   support

          0       0.43      0.06      0.11      1000
          1       0.42      0.30      0.35      1000
          2       0.28      0.08      0.12      1000
          3       0.20      0.06      0.09      1000
          4       0.33      0.25      0.29      1000
          5       0.20      0.40      0.27      1000
          6       0.23      0.52      0.32      1000
          7       0.37      0.34      0.35      1000
          8       0.37      0.22      0.28      1000
          9       0.30      0.60      0.40      1000

avg / total       0.31      0.28      0.26     10000

**************************************************
   Model: linsvc
Training: standard-cifar-train
 Testing: §cifar-gen-sty-street-test

             precision    recall  f1-score   support

          0       0.10      0.07      0.08      1493
          1       0.14      0.49      0.22      1508
          2       0.10      0.01      0.01      1471
          3       0.15      0.05      0.07      1477
          4       0.03      0.00      0.00      1501
          5       0.15      0.02      0.03      1455
          6       0.15      0.09      0.11      1536
          7       0.12      0.38      0.18      1509
          8       0.20      0.01      0.01      1550
          9       0.14      0.19      0.16      1500

avg / total       0.13      0.13      0.09     15000

**************************************************
   Model: linsvc
Training: standard-cifar-train
 Testing: §cifar-gen-sty-street

             precision    recall  f1-score   support

          0       0.10      0.08      0.09      5000
          1       0.13      0.47      0.21      5000
          2       0.09      0.01      0.01      5000
          3       0.16      0.05      0.08      5000
          4       0.04      0.00      0.00      5000
          5       0.18      0.02      0.04      5000
          6       0.14      0.08      0.10      5000
          7       0.12      0.38      0.18      5000
          8       0.12      0.00      0.01      5000
          9       0.14      0.18      0.16      5000

avg / total       0.12      0.13      0.09     50000

**************************************************
   Model: linsvc
Training: §cifar-gen-sty-street
 Testing: standard-cifar-test

             precision    recall  f1-score   support

          0       0.06      0.00      0.00      1000
          1       0.27      0.03      0.05      1000
          2       0.09      0.09      0.09      1000
          3       0.12      0.13      0.13      1000
          4       0.15      0.01      0.02      1000
          5       0.12      0.01      0.01      1000
          6       0.14      0.01      0.03      1000
          7       0.17      0.13      0.15      1000
          8       0.21      0.44      0.28      1000
          9       0.13      0.59      0.21      1000

avg / total       0.15      0.15      0.10     10000

**************************************************
   Model: linsvc
Training: §cifar-gen-sty-street
 Testing: standard-cifar-all

             precision    recall  f1-score   support

          0       0.08      0.00      0.00      6000
          1       0.32      0.04      0.06      6000
          2       0.09      0.10      0.09      6000
          3       0.13      0.13      0.13      6000
          4       0.14      0.01      0.02      6000
          5       0.18      0.01      0.02      6000
          6       0.14      0.01      0.03      6000
          7       0.18      0.14      0.16      6000
          8       0.22      0.47      0.30      6000
          9       0.13      0.61      0.22      6000

avg / total       0.16      0.15      0.10     60000

**************************************************
   Model: cnet
Training: §cifar-gen-sty-street-train
 Testing: standard-cifar-train

             precision    recall  f1-score   support

          0       0.60      0.09      0.16      5000
          1       0.70      0.23      0.34      5000
          2       0.16      0.57      0.25      5000
          3       0.28      0.36      0.31      5000
          4       0.30      0.19      0.24      5000
          5       0.39      0.27      0.32      5000
          6       0.38      0.44      0.41      5000
          7       0.44      0.39      0.41      5000
          8       0.56      0.18      0.27      5000
          9       0.40      0.43      0.41      5000

avg / total       0.42      0.31      0.31     50000

**************************************************
   Model: cnet
Training: §cifar-gen-sty-street-train
 Testing: standard-cifar-test

             precision    recall  f1-score   support

          0       0.54      0.08      0.13      1000
          1       0.69      0.22      0.33      1000
          2       0.16      0.56      0.25      1000
          3       0.26      0.33      0.29      1000
          4       0.29      0.18      0.23      1000
          5       0.37      0.28      0.32      1000
          6       0.38      0.44      0.41      1000
          7       0.43      0.38      0.41      1000
          8       0.55      0.19      0.28      1000
          9       0.40      0.43      0.41      1000

avg / total       0.41      0.31      0.31     10000

**************************************************
   Model: cnet
Training: §cifar-gen-sty-street-train
 Testing: §cifar-gen-sty-street-test

             precision    recall  f1-score   support

          0       0.56      0.51      0.53      1493
          1       0.65      0.55      0.60      1508
          2       0.28      0.66      0.39      1471
          3       0.43      0.19      0.27      1477
          4       0.45      0.34      0.39      1501
          5       0.41      0.37      0.39      1455
          6       0.57      0.43      0.49      1536
          7       0.54      0.59      0.56      1509
          8       0.68      0.53      0.59      1550
          9       0.50      0.58      0.53      1500

avg / total       0.51      0.48      0.48     15000

**************************************************
   Model: cnet
Training: standard-cifar-train
 Testing: standard-cifar-test

             precision    recall  f1-score   support

          0       0.61      0.80      0.69      1000
          1       0.53      0.90      0.67      1000
          2       0.59      0.48      0.53      1000
          3       0.49      0.56      0.52      1000
          4       0.63      0.59      0.61      1000
          5       0.65      0.52      0.58      1000
          6       0.70      0.81      0.75      1000
          7       0.78      0.69      0.73      1000
          8       0.67      0.85      0.75      1000
          9       0.00      0.00      0.00      1000

avg / total       0.56      0.62      0.58     10000

**************************************************
   Model: cnet
Training: standard-cifar-train
 Testing: §cifar-gen-sty-street-test

             precision    recall  f1-score   support

          0       0.22      0.42      0.29      1493
          1       0.16      0.88      0.28      1508
          2       0.42      0.00      0.01      1471
          3       0.26      0.22      0.24      1477
          4       0.33      0.01      0.02      1501
          5       0.30      0.18      0.23      1455
          6       0.55      0.05      0.09      1536
          7       0.40      0.22      0.28      1509
          8       0.29      0.17      0.22      1550
          9       0.00      0.00      0.00      1500

avg / total       0.29      0.22      0.16     15000

**************************************************
   Model: cnet
Training: standard-cifar-train
 Testing: §cifar-gen-sty-street

             precision    recall  f1-score   support

          0       0.23      0.42      0.30      5000
          1       0.16      0.89      0.28      5000
          2       0.50      0.00      0.01      5000
          3       0.25      0.22      0.23      5000
          4       0.36      0.01      0.03      5000
          5       0.34      0.20      0.25      5000
          6       0.51      0.05      0.09      5000
          7       0.41      0.21      0.28      5000
          8       0.29      0.18      0.22      5000
          9       0.00      0.00      0.00      5000

avg / total       0.31      0.22      0.17     50000

**************************************************
   Model: cnet
Training: §cifar-gen-sty-street
 Testing: standard-cifar-test

             precision    recall  f1-score   support

          0       0.65      0.11      0.19      1000
          1       0.61      0.28      0.38      1000
          2       0.27      0.20      0.23      1000
          3       0.22      0.43      0.29      1000
          4       0.21      0.21      0.21      1000
          5       0.37      0.39      0.38      1000
          6       0.29      0.66      0.41      1000
          7       0.56      0.42      0.48      1000
          8       0.51      0.36      0.42      1000
          9       0.43      0.39      0.41      1000

avg / total       0.41      0.35      0.34     10000

**************************************************
   Model: cnet
Training: §cifar-gen-sty-street
 Testing: standard-cifar-all

             precision    recall  f1-score   support

          0       0.67      0.11      0.19      6000
          1       0.66      0.30      0.41      6000
          2       0.29      0.22      0.25      6000
          3       0.23      0.46      0.31      6000
          4       0.22      0.23      0.23      6000
          5       0.38      0.40      0.39      6000
          6       0.30      0.67      0.41      6000
          7       0.58      0.42      0.49      6000
          8       0.53      0.36      0.43      6000
          9       0.44      0.40      0.42      6000

avg / total       0.43      0.36      0.35     60000
