
**************************************************
   Model: cnet
Training: §cifar-gen-styl-wave-train
 Testing: standard-cifar-train

             precision    recall  f1-score   support

          0       0.42      0.44      0.43      5000
          1       0.58      0.29      0.39      5000
          2       0.33      0.23      0.27      5000
          3       0.30      0.22      0.26      5000
          4       0.45      0.11      0.17      5000
          5       0.45      0.29      0.36      5000
          6       0.41      0.02      0.04      5000
          7       0.32      0.64      0.43      5000
          8       0.65      0.35      0.45      5000
          9       0.22      0.78      0.34      5000

avg / total       0.41      0.34      0.31     50000

**************************************************
   Model: cnet
Training: §cifar-gen-styl-wave-train
 Testing: standard-cifar-test

             precision    recall  f1-score   support

          0       0.44      0.44      0.44      1000
          1       0.61      0.30      0.41      1000
          2       0.35      0.24      0.28      1000
          3       0.29      0.21      0.25      1000
          4       0.45      0.11      0.18      1000
          5       0.45      0.29      0.35      1000
          6       0.47      0.03      0.05      1000
          7       0.32      0.63      0.43      1000
          8       0.65      0.36      0.46      1000
          9       0.22      0.79      0.34      1000

avg / total       0.43      0.34      0.32     10000

**************************************************
   Model: cnet
Training: §cifar-gen-styl-wave-train
 Testing: §cifar-gen-styl-wave-test

             precision    recall  f1-score   support

          0       0.51      0.60      0.55      1506
          1       0.65      0.57      0.61      1486
          2       0.39      0.39      0.39      1521
          3       0.35      0.36      0.35      1543
          4       0.37      0.46      0.41      1460
          5       0.44      0.36      0.40      1499
          6       0.56      0.44      0.49      1499
          7       0.52      0.60      0.56      1531
          8       0.59      0.57      0.58      1445
          9       0.57      0.53      0.55      1510

avg / total       0.49      0.49      0.49     15000

**************************************************
   Model: cnet
Training: standard-cifar-train
 Testing: standard-cifar-test

             precision    recall  f1-score   support

          0       0.63      0.73      0.68      1000
          1       0.55      0.85      0.67      1000
          2       0.56      0.56      0.56      1000
          3       0.50      0.52      0.51      1000
          4       0.61      0.63      0.62      1000
          5       0.64      0.54      0.59      1000
          6       0.81      0.69      0.75      1000
          7       0.72      0.76      0.74      1000
          8       0.59      0.88      0.71      1000
          9       0.00      0.00      0.00      1000

avg / total       0.56      0.62      0.58     10000

**************************************************
   Model: cnet
Training: standard-cifar-train
 Testing: §cifar-gen-styl-wave-test

             precision    recall  f1-score   support

          0       0.23      0.42      0.30      1506
          1       0.17      0.86      0.28      1486
          2       0.33      0.08      0.13      1521
          3       0.22      0.00      0.01      1543
          4       0.50      0.01      0.01      1460
          5       0.73      0.01      0.01      1499
          6       0.43      0.03      0.06      1499
          7       0.55      0.09      0.15      1531
          8       0.23      0.62      0.33      1445
          9       0.00      0.00      0.00      1510

avg / total       0.34      0.21      0.13     15000

**************************************************
   Model: cnet
Training: standard-cifar-train
 Testing: §cifar-gen-styl-wave

             precision    recall  f1-score   support

          0       0.23      0.42      0.30      5000
          1       0.17      0.87      0.29      5000
          2       0.34      0.08      0.13      5000
          3       0.28      0.01      0.01      5000
          4       0.57      0.01      0.02      5000
          5       0.82      0.01      0.02      5000
          6       0.42      0.03      0.05      5000
          7       0.59      0.09      0.16      5000
          8       0.23      0.62      0.34      5000
          9       0.00      0.00      0.00      5000

avg / total       0.37      0.21      0.13     50000

**************************************************
   Model: cnet
Training: §cifar-gen-styl-wave
 Testing: standard-cifar-test

             precision    recall  f1-score   support

          0       0.50      0.32      0.39      1000
          1       0.45      0.39      0.42      1000
          2       0.29      0.26      0.28      1000
          3       0.32      0.16      0.21      1000
          4       0.36      0.06      0.10      1000
          5       0.47      0.23      0.31      1000
          6       0.51      0.04      0.07      1000
          7       0.44      0.38      0.41      1000
          8       0.65      0.22      0.33      1000
          9       0.17      0.86      0.28      1000

avg / total       0.42      0.29      0.28     10000

**************************************************
   Model: cnet
Training: §cifar-gen-styl-wave
 Testing: standard-cifar-all

             precision    recall  f1-score   support

          0       0.50      0.32      0.39      6000
          1       0.44      0.39      0.41      6000
          2       0.30      0.26      0.28      6000
          3       0.34      0.17      0.22      6000
          4       0.39      0.06      0.10      6000
          5       0.49      0.24      0.32      6000
          6       0.43      0.04      0.07      6000
          7       0.47      0.41      0.44      6000
          8       0.68      0.23      0.35      6000
          9       0.17      0.87      0.28      6000

avg / total       0.42      0.30      0.29     60000
