
**************************************************
   Model: linsvc
Training: §fashion-gen-DGAN-train
 Testing: standard-fashion-train-crop[20000]

             precision    recall  f1-score   support

          0       0.65      0.67      0.66      2017
          1       0.94      0.95      0.95      1948
          2       0.55      0.53      0.54      1989
          3       0.81      0.72      0.76      1979
          4       0.58      0.59      0.58      2022
          5       0.91      0.56      0.69      2018
          6       0.40      0.50      0.45      2021
          7       0.84      0.83      0.84      1984
          8       0.82      0.83      0.82      2007
          9       0.78      0.95      0.86      2015

avg / total       0.73      0.71      0.71     20000

**************************************************
   Model: linsvc
Training: §fashion-gen-DGAN-train
 Testing: standard-fashion-test

             precision    recall  f1-score   support

          0       0.65      0.66      0.66      1000
          1       0.95      0.95      0.95      1000
          2       0.53      0.52      0.53      1000
          3       0.77      0.70      0.74      1000
          4       0.56      0.58      0.57      1000
          5       0.90      0.59      0.71      1000
          6       0.39      0.47      0.42      1000
          7       0.83      0.81      0.82      1000
          8       0.80      0.80      0.80      1000
          9       0.78      0.95      0.86      1000

avg / total       0.72      0.70      0.70     10000

**************************************************
   Model: linsvc
Training: §fashion-gen-DGAN-train
 Testing: §fashion-gen-DGAN-test

             precision    recall  f1-score   support

          0       0.98      0.98      0.98       612
          1       1.00      1.00      1.00       599
          2       0.99      0.98      0.98       614
          3       1.00      0.99      1.00       585
          4       0.98      0.99      0.98       621
          5       1.00      1.00      1.00       608
          6       0.98      0.98      0.98       613
          7       1.00      1.00      1.00       604
          8       0.99      1.00      1.00       574
          9       1.00      1.00      1.00       573

avg / total       0.99      0.99      0.99      6003

**************************************************
   Model: linsvc
Training: standard-fashion-train-crop[20000]
 Testing: standard-fashion-test

             precision    recall  f1-score   support

          0       0.74      0.76      0.75      1000
          1       0.91      0.96      0.93      1000
          2       0.61      0.75      0.67      1000
          3       0.86      0.67      0.75      1000
          4       0.65      0.62      0.64      1000
          5       0.91      0.84      0.87      1000
          6       0.49      0.48      0.49      1000
          7       0.85      0.94      0.89      1000
          8       0.87      0.86      0.87      1000
          9       0.92      0.89      0.90      1000

avg / total       0.78      0.78      0.78     10000

**************************************************
   Model: linsvc
Training: standard-fashion-train-crop[20000]
 Testing: §fashion-gen-DGAN-test

             precision    recall  f1-score   support

          0       0.73      0.73      0.73       612
          1       0.95      0.99      0.97       599
          2       0.70      0.53      0.60       614
          3       0.88      0.70      0.78       585
          4       0.58      0.75      0.66       621
          5       0.94      0.91      0.92       608
          6       0.48      0.53      0.50       613
          7       0.96      0.92      0.94       604
          8       0.84      0.79      0.82       574
          9       0.86      0.97      0.91       573

avg / total       0.79      0.78      0.78      6003

**************************************************
   Model: linsvc
Training: standard-fashion-train-crop[20000]
 Testing: §fashion-gen-DGAN

             precision    recall  f1-score   support

          0       0.72      0.73      0.72      2001
          1       0.94      0.98      0.96      2001
          2       0.67      0.51      0.58      2001
          3       0.87      0.70      0.78      2001
          4       0.58      0.75      0.65      2001
          5       0.93      0.91      0.92      2001
          6       0.47      0.50      0.48      2001
          7       0.94      0.91      0.93      2001
          8       0.85      0.80      0.82      2001
          9       0.87      0.96      0.91      2001

avg / total       0.78      0.78      0.78     20010

**************************************************
   Model: linsvc
Training: §fashion-gen-DGAN
 Testing: standard-fashion-test

             precision    recall  f1-score   support

          0       0.63      0.62      0.63      1000
          1       0.94      0.95      0.94      1000
          2       0.52      0.54      0.53      1000
          3       0.78      0.69      0.74      1000
          4       0.56      0.60      0.58      1000
          5       0.91      0.58      0.71      1000
          6       0.37      0.44      0.40      1000
          7       0.85      0.83      0.84      1000
          8       0.81      0.80      0.81      1000
          9       0.79      0.94      0.86      1000

avg / total       0.72      0.70      0.70     10000

**************************************************
   Model: linsvc
Training: §fashion-gen-DGAN
 Testing: standard-fashion-all

             precision    recall  f1-score   support

          0       0.64      0.63      0.64      7000
          1       0.93      0.96      0.94      7000
          2       0.54      0.57      0.56      7000
          3       0.81      0.71      0.75      7000
          4       0.57      0.62      0.60      7000
          5       0.91      0.56      0.70      7000
          6       0.39      0.47      0.43      7000
          7       0.84      0.83      0.83      7000
          8       0.82      0.80      0.81      7000
          9       0.79      0.95      0.86      7000

avg / total       0.73      0.71      0.71     70000

**************************************************
   Model: cnet
Training: §fashion-gen-DGAN-train
 Testing: standard-fashion-train-crop[20000]

             precision    recall  f1-score   support

          0       0.69      0.72      0.70      2017
          1       0.95      0.95      0.95      1948
          2       0.59      0.62      0.61      1989
          3       0.79      0.81      0.80      1979
          4       0.71      0.51      0.60      2022
          5       0.85      0.87      0.86      2018
          6       0.42      0.49      0.45      2021
          7       0.90      0.74      0.81      1984
          8       0.88      0.88      0.88      2007
          9       0.83      0.96      0.89      2015

avg / total       0.76      0.76      0.76     20000

**************************************************
   Model: cnet
Training: §fashion-gen-DGAN-train
 Testing: standard-fashion-test

             precision    recall  f1-score   support

          0       0.69      0.72      0.70      1000
          1       0.95      0.95      0.95      1000
          2       0.58      0.64      0.61      1000
          3       0.79      0.80      0.80      1000
          4       0.71      0.48      0.58      1000
          5       0.85      0.87      0.86      1000
          6       0.43      0.49      0.46      1000
          7       0.89      0.75      0.81      1000
          8       0.87      0.88      0.87      1000
          9       0.83      0.95      0.88      1000

avg / total       0.76      0.75      0.75     10000

**************************************************
   Model: cnet
Training: §fashion-gen-DGAN-train
 Testing: §fashion-gen-DGAN-test

             precision    recall  f1-score   support

          0       0.98      0.98      0.98       612
          1       1.00      0.99      0.99       599
          2       0.98      0.98      0.98       614
          3       0.98      0.99      0.98       585
          4       0.99      0.97      0.98       621
          5       1.00      0.99      0.99       608
          6       0.97      0.97      0.97       613
          7       0.99      0.99      0.99       604
          8       0.99      1.00      0.99       574
          9       0.98      0.99      0.99       573

avg / total       0.99      0.99      0.99      6003

**************************************************
   Model: cnet
Training: standard-fashion-train-crop[20000]
 Testing: standard-fashion-test

             precision    recall  f1-score   support

          0       0.76      0.88      0.81      1000
          1       0.99      0.96      0.98      1000
          2       0.84      0.76      0.80      1000
          3       0.86      0.90      0.88      1000
          4       0.79      0.81      0.80      1000
          5       0.96      0.96      0.96      1000
          6       0.68      0.59      0.63      1000
          7       0.93      0.93      0.93      1000
          8       0.95      0.97      0.96      1000
          9       0.95      0.95      0.95      1000

avg / total       0.87      0.87      0.87     10000

**************************************************
   Model: cnet
Training: standard-fashion-train-crop[20000]
 Testing: §fashion-gen-DGAN-test

             precision    recall  f1-score   support

          0       0.75      0.79      0.77       612
          1       1.00      0.99      0.99       599
          2       0.89      0.70      0.79       614
          3       0.85      0.95      0.89       585
          4       0.79      0.90      0.84       621
          5       0.97      0.99      0.98       608
          6       0.76      0.63      0.69       613
          7       0.98      0.87      0.92       604
          8       0.89      0.97      0.93       574
          9       0.87      0.99      0.93       573

avg / total       0.88      0.87      0.87      6003

**************************************************
   Model: cnet
Training: standard-fashion-train-crop[20000]
 Testing: §fashion-gen-DGAN

             precision    recall  f1-score   support

          0       0.74      0.81      0.78      2001
          1       1.00      0.99      0.99      2001
          2       0.89      0.74      0.81      2001
          3       0.85      0.93      0.89      2001
          4       0.81      0.88      0.84      2001
          5       0.98      0.99      0.98      2001
          6       0.76      0.62      0.68      2001
          7       0.97      0.87      0.92      2001
          8       0.91      0.97      0.94      2001
          9       0.88      0.98      0.93      2001

avg / total       0.88      0.88      0.88     20010

**************************************************
   Model: cnet
Training: §fashion-gen-DGAN
 Testing: standard-fashion-test

             precision    recall  f1-score   support

          0       0.70      0.66      0.68      1000
          1       0.92      0.96      0.94      1000
          2       0.55      0.71      0.62      1000
          3       0.77      0.80      0.78      1000
          4       0.71      0.50      0.59      1000
          5       0.93      0.77      0.84      1000
          6       0.46      0.48      0.47      1000
          7       0.77      0.91      0.83      1000
          8       0.91      0.86      0.89      1000
          9       0.91      0.89      0.90      1000

avg / total       0.76      0.75      0.75     10000

**************************************************
   Model: cnet
Training: §fashion-gen-DGAN
 Testing: standard-fashion-all

             precision    recall  f1-score   support

          0       0.71      0.67      0.69      7000
          1       0.91      0.96      0.94      7000
          2       0.59      0.72      0.65      7000
          3       0.77      0.80      0.78      7000
          4       0.71      0.52      0.60      7000
          5       0.93      0.78      0.85      7000
          6       0.46      0.49      0.48      7000
          7       0.78      0.91      0.84      7000
          8       0.92      0.86      0.89      7000
          9       0.92      0.90      0.91      7000

avg / total       0.77      0.76      0.76     70000

**************************************************
   Model: cnet
Training: §cifar-gen-DGAN&styl-scream&styl-wave-train
 Testing: standard-cifar-train-crop[20000]

vulnerability: 0.0987

             precision    recall  f1-score   support

          0       0.49      0.44      0.46      1976
          1       0.49      0.55      0.52      1981
          2       0.33      0.33      0.33      2032
          3       0.35      0.27      0.30      2072
          4       0.35      0.35      0.35      1997
          5       0.35      0.44      0.39      1985
          6       0.45      0.41      0.43      2022
          7       0.50      0.48      0.49      1965
          8       0.51      0.58      0.54      1935
          9       0.49      0.46      0.47      2035

avg / total       0.43      0.43      0.43     20000

**************************************************
   Model: cnet
Training: §cifar-gen-DGAN&styl-scream&styl-wave-train
 Testing: standard-cifar-test

vulnerability: 0.0956

             precision    recall  f1-score   support

          0       0.50      0.47      0.48      1000
          1       0.49      0.54      0.51      1000
          2       0.28      0.29      0.28      1000
          3       0.32      0.23      0.27      1000
          4       0.33      0.33      0.33      1000
          5       0.32      0.41      0.36      1000
          6       0.41      0.37      0.39      1000
          7       0.48      0.47      0.47      1000
          8       0.49      0.56      0.52      1000
          9       0.46      0.43      0.45      1000

avg / total       0.41      0.41      0.41     10000

**************************************************
   Model: cnet
Training: §cifar-gen-DGAN&styl-scream&styl-wave-train
 Testing: §cifar-gen-DGAN&styl-scream&styl-wave-test

vulnerability: 0.10344827586206896

             precision    recall  f1-score   support

          0       0.65      0.61      0.63      1821
          1       0.66      0.68      0.67      1882
          2       0.51      0.57      0.54      1817
          3       0.55      0.43      0.48      1787
          4       0.54      0.53      0.54      1793
          5       0.55      0.56      0.56      1808
          6       0.50      0.61      0.55      1771
          7       0.71      0.63      0.67      1799
          8       0.62      0.66      0.64      1774
          9       0.63      0.61      0.62      1757

avg / total       0.59      0.59      0.59     18009

**************************************************
   Model: cnet
Training: standard-cifar-train-crop[20000]
 Testing: standard-cifar-test

vulnerability: 0.0963

             precision    recall  f1-score   support

          0       0.65      0.53      0.58      1000
          1       0.69      0.68      0.68      1000
          2       0.45      0.41      0.43      1000
          3       0.37      0.40      0.39      1000
          4       0.59      0.35      0.44      1000
          5       0.46      0.47      0.47      1000
          6       0.55      0.77      0.64      1000
          7       0.61      0.65      0.63      1000
          8       0.64      0.70      0.67      1000
          9       0.61      0.64      0.63      1000

avg / total       0.56      0.56      0.56     10000

**************************************************
   Model: cnet
Training: standard-cifar-train-crop[20000]
 Testing: §cifar-gen-DGAN&styl-scream&styl-wave-test

vulnerability: 0.102226664445555

             precision    recall  f1-score   support

          0       0.43      0.23      0.30      1821
          1       0.28      0.44      0.34      1882
          2       0.50      0.26      0.34      1817
          3       0.26      0.39      0.31      1787
          4       0.49      0.19      0.27      1793
          5       0.33      0.15      0.20      1808
          6       0.22      0.50      0.30      1771
          7       0.54      0.32      0.40      1799
          8       0.40      0.36      0.38      1774
          9       0.29      0.39      0.34      1757

avg / total       0.38      0.32      0.32     18009

**************************************************
   Model: cnet
Training: standard-cifar-train-crop[20000]
 Testing: §cifar-gen-DGAN&styl-scream&styl-wave

vulnerability: 0.10093286689988339

             precision    recall  f1-score   support

          0       0.42      0.22      0.29      6003
          1       0.28      0.44      0.34      6003
          2       0.51      0.27      0.35      6003
          3       0.26      0.39      0.31      6003
          4       0.50      0.18      0.27      6003
          5       0.32      0.15      0.20      6003
          6       0.23      0.51      0.32      6003
          7       0.53      0.32      0.40      6003
          8       0.42      0.37      0.39      6003
          9       0.31      0.40      0.34      6003

avg / total       0.38      0.32      0.32     60030

**************************************************
   Model: cnet
Training: §cifar-gen-DGAN&styl-scream&styl-wave
 Testing: standard-cifar-test

vulnerability: 0.1007

             precision    recall  f1-score   support

          0       0.43      0.59      0.50      1000
          1       0.50      0.54      0.52      1000
          2       0.30      0.31      0.31      1000
          3       0.28      0.31      0.30      1000
          4       0.38      0.35      0.36      1000
          5       0.38      0.29      0.33      1000
          6       0.50      0.28      0.36      1000
          7       0.47      0.57      0.51      1000
          8       0.52      0.43      0.47      1000
          9       0.44      0.48      0.46      1000

avg / total       0.42      0.42      0.41     10000

**************************************************
   Model: cnet
Training: §cifar-gen-DGAN&styl-scream&styl-wave
 Testing: standard-cifar-all

vulnerability: 0.09901666666666667

             precision    recall  f1-score   support

          0       0.44      0.57      0.50      6000
          1       0.51      0.57      0.53      6000
          2       0.31      0.31      0.31      6000
          3       0.31      0.35      0.33      6000
          4       0.36      0.33      0.34      6000
          5       0.41      0.30      0.35      6000
          6       0.50      0.29      0.37      6000
          7       0.46      0.58      0.52      6000
          8       0.53      0.47      0.50      6000
          9       0.46      0.49      0.47      6000

avg / total       0.43      0.43      0.42     60000
