
**************************************************
   Model: cnet
Training: §cifar-gen-DGAN-train
 Testing: standard-cifar-train-crop[20000]

             precision    recall  f1-score   support

          0       0.37      0.38      0.38      2083
          1       0.41      0.19      0.26      1980
          2       0.18      0.20      0.19      1972
          3       0.20      0.23      0.21      2058
          4       0.17      0.19      0.18      1932
          5       0.21      0.21      0.21      2094
          6       0.21      0.20      0.21      1922
          7       0.22      0.26      0.24      1940
          8       0.35      0.46      0.40      1999
          9       0.32      0.21      0.25      2020

avg / total       0.26      0.25      0.25     20000

**************************************************
   Model: cnet
Training: §cifar-gen-DGAN-train
 Testing: standard-cifar-test

             precision    recall  f1-score   support

          0       0.37      0.41      0.39      1000
          1       0.44      0.20      0.27      1000
          2       0.18      0.21      0.20      1000
          3       0.18      0.23      0.20      1000
          4       0.18      0.20      0.19      1000
          5       0.21      0.20      0.21      1000
          6       0.23      0.20      0.22      1000
          7       0.24      0.27      0.25      1000
          8       0.34      0.44      0.39      1000
          9       0.29      0.19      0.23      1000

avg / total       0.27      0.26      0.26     10000

**************************************************
   Model: cnet
Training: §cifar-gen-DGAN-train
 Testing: §cifar-gen-DGAN-test

             precision    recall  f1-score   support

          0       1.00      0.99      0.99       611
          1       1.00      0.98      0.99       614
          2       0.99      0.99      0.99       646
          3       0.97      1.00      0.98       589
          4       0.99      0.99      0.99       582
          5       1.00      0.99      0.99       614
          6       0.99      0.99      0.99       546
          7       0.99      1.00      0.99       612
          8       0.98      0.99      0.99       600
          9       1.00      0.99      0.99       589

avg / total       0.99      0.99      0.99      6003

**************************************************
   Model: cnet
Training: standard-cifar-train-crop[20000]
 Testing: standard-cifar-test

             precision    recall  f1-score   support

          0       0.60      0.75      0.67      1000
          1       0.73      0.74      0.73      1000
          2       0.53      0.39      0.45      1000
          3       0.46      0.40      0.43      1000
          4       0.59      0.50      0.54      1000
          5       0.51      0.56      0.54      1000
          6       0.60      0.78      0.68      1000
          7       0.60      0.75      0.67      1000
          8       0.83      0.57      0.68      1000
          9       0.70      0.66      0.68      1000

avg / total       0.62      0.61      0.61     10000

**************************************************
   Model: cnet
Training: standard-cifar-train-crop[20000]
 Testing: §cifar-gen-DGAN-test

             precision    recall  f1-score   support

          0       0.53      0.68      0.59       611
          1       0.65      0.79      0.71       614
          2       0.69      0.59      0.64       646
          3       0.20      0.11      0.14       589
          4       0.41      0.29      0.34       582
          5       0.44      0.68      0.54       614
          6       0.68      0.77      0.72       546
          7       0.45      0.53      0.48       612
          8       0.64      0.26      0.37       600
          9       0.56      0.61      0.58       589

avg / total       0.52      0.53      0.51      6003

**************************************************
   Model: cnet
Training: standard-cifar-train-crop[20000]
 Testing: §cifar-gen-DGAN

             precision    recall  f1-score   support

          0       0.53      0.67      0.59      2001
          1       0.64      0.79      0.71      2001
          2       0.70      0.62      0.66      2001
          3       0.21      0.12      0.15      2001
          4       0.42      0.30      0.35      2001
          5       0.43      0.67      0.53      2001
          6       0.73      0.77      0.75      2001
          7       0.44      0.56      0.49      2001
          8       0.64      0.27      0.38      2001
          9       0.59      0.62      0.61      2001

avg / total       0.53      0.54      0.52     20010

**************************************************
   Model: cnet
Training: §cifar-gen-DGAN
 Testing: standard-cifar-test

             precision    recall  f1-score   support

          0       0.35      0.39      0.37      1000
          1       0.34      0.36      0.35      1000
          2       0.24      0.11      0.15      1000
          3       0.17      0.10      0.13      1000
          4       0.20      0.16      0.18      1000
          5       0.22      0.35      0.27      1000
          6       0.21      0.29      0.25      1000
          7       0.30      0.19      0.23      1000
          8       0.34      0.47      0.39      1000
          9       0.27      0.25      0.26      1000

avg / total       0.26      0.27      0.26     10000

**************************************************
   Model: cnet
Training: §cifar-gen-DGAN
 Testing: standard-cifar-all

             precision    recall  f1-score   support

          0       0.35      0.38      0.36      6000
          1       0.33      0.37      0.35      6000
          2       0.23      0.11      0.15      6000
          3       0.21      0.12      0.15      6000
          4       0.21      0.16      0.18      6000
          5       0.21      0.34      0.26      6000
          6       0.22      0.31      0.26      6000
          7       0.28      0.17      0.21      6000
          8       0.35      0.46      0.40      6000
          9       0.28      0.26      0.27      6000

avg / total       0.27      0.27      0.26     60000
