
**************************************************
   Model: cnet
Training: §cifar-gen-DGAN-train
 Testing: standard-cifar-train-crop[20000]

             precision    recall  f1-score   support

          0       0.32      0.50      0.39      1942
          1       0.30      0.27      0.29      1956
          2       0.22      0.13      0.16      2018
          3       0.17      0.17      0.17      1966
          4       0.19      0.21      0.20      2120
          5       0.21      0.23      0.22      1934
          6       0.29      0.24      0.26      2015
          7       0.22      0.26      0.24      1963
          8       0.42      0.33      0.37      2097
          9       0.29      0.26      0.28      1989

avg / total       0.26      0.26      0.26     20000

**************************************************
   Model: cnet
Training: §cifar-gen-DGAN-train
 Testing: standard-cifar-test

             precision    recall  f1-score   support

          0       0.33      0.50      0.40      1000
          1       0.30      0.26      0.28      1000
          2       0.25      0.15      0.19      1000
          3       0.17      0.17      0.17      1000
          4       0.17      0.19      0.18      1000
          5       0.22      0.23      0.22      1000
          6       0.26      0.22      0.24      1000
          7       0.22      0.26      0.24      1000
          8       0.38      0.30      0.34      1000
          9       0.29      0.28      0.29      1000

avg / total       0.26      0.26      0.25     10000

**************************************************
   Model: cnet
Training: §cifar-gen-DGAN-train
 Testing: §cifar-gen-DGAN-test

             precision    recall  f1-score   support

          0       0.99      0.99      0.99       652
          1       0.99      0.99      0.99       616
          2       1.00      0.99      0.99       618
          3       0.99      0.99      0.99       581
          4       1.00      0.99      1.00       609
          5       0.99      0.99      0.99       587
          6       1.00      1.00      1.00       591
          7       0.98      0.99      0.99       584
          8       1.00      0.98      0.99       585
          9       0.99      0.99      0.99       580

avg / total       0.99      0.99      0.99      6003

**************************************************
   Model: cnet
Training: standard-cifar-train-crop[20000]
 Testing: standard-cifar-test

             precision    recall  f1-score   support

          0       0.73      0.55      0.62      1000
          1       0.82      0.62      0.71      1000
          2       0.46      0.50      0.48      1000
          3       0.40      0.39      0.40      1000
          4       0.47      0.56      0.51      1000
          5       0.46      0.63      0.53      1000
          6       0.88      0.38      0.53      1000
          7       0.67      0.69      0.68      1000
          8       0.69      0.76      0.72      1000
          9       0.59      0.77      0.67      1000

avg / total       0.62      0.58      0.58     10000

**************************************************
   Model: cnet
Training: standard-cifar-train-crop[20000]
 Testing: §cifar-gen-DGAN-test

             precision    recall  f1-score   support

          0       0.76      0.48      0.59       652
          1       0.94      0.69      0.79       616
          2       0.38      0.28      0.32       618
          3       0.42      0.42      0.42       581
          4       0.29      0.50      0.37       609
          5       0.38      0.41      0.39       587
          6       0.95      0.15      0.25       591
          7       0.55      0.77      0.64       584
          8       0.68      0.98      0.80       585
          9       0.64      0.75      0.69       580

avg / total       0.60      0.54      0.53      6003

**************************************************
   Model: cnet
Training: standard-cifar-train-crop[20000]
 Testing: §cifar-gen-DGAN

             precision    recall  f1-score   support

          0       0.74      0.45      0.56      2001
          1       0.94      0.70      0.80      2001
          2       0.36      0.26      0.30      2001
          3       0.42      0.41      0.41      2001
          4       0.28      0.49      0.36      2001
          5       0.35      0.40      0.37      2001
          6       0.93      0.14      0.24      2001
          7       0.57      0.78      0.66      2001
          8       0.68      0.98      0.80      2001
          9       0.67      0.76      0.71      2001

avg / total       0.59      0.54      0.52     20010

**************************************************
   Model: cnet
Training: §cifar-gen-DGAN
 Testing: standard-cifar-test

             precision    recall  f1-score   support

          0       0.31      0.55      0.40      1000
          1       0.31      0.21      0.25      1000
          2       0.28      0.10      0.15      1000
          3       0.18      0.21      0.20      1000
          4       0.18      0.13      0.15      1000
          5       0.22      0.28      0.25      1000
          6       0.28      0.18      0.22      1000
          7       0.23      0.26      0.25      1000
          8       0.38      0.38      0.38      1000
          9       0.28      0.35      0.31      1000

avg / total       0.27      0.27      0.26     10000

**************************************************
   Model: cnet
Training: §cifar-gen-DGAN
 Testing: standard-cifar-all

             precision    recall  f1-score   support

          0       0.31      0.53      0.39      6000
          1       0.31      0.21      0.25      6000
          2       0.27      0.10      0.14      6000
          3       0.19      0.22      0.20      6000
          4       0.21      0.16      0.18      6000
          5       0.22      0.28      0.25      6000
          6       0.30      0.20      0.24      6000
          7       0.24      0.28      0.26      6000
          8       0.40      0.38      0.39      6000
          9       0.29      0.36      0.32      6000

avg / total       0.27      0.27      0.26     60000
