
**************************************************
   Model: cnet
Training: §cifar-gen-DGAN-train
 Testing: standard-cifar-train-crop[20000]

             precision    recall  f1-score   support

          0       0.24      0.48      0.32      2027
          1       0.25      0.18      0.21      2033
          2       0.24      0.16      0.19      2007
          3       0.22      0.11      0.15      2068
          4       0.24      0.08      0.13      1999
          5       0.29      0.14      0.19      1979
          6       0.32      0.16      0.21      1925
          7       0.27      0.18      0.22      1971
          8       0.20      0.59      0.30      1990
          9       0.21      0.26      0.23      2001

avg / total       0.25      0.23      0.21     20000

**************************************************
   Model: cnet
Training: §cifar-gen-DGAN-train
 Testing: standard-cifar-test

             precision    recall  f1-score   support

          0       0.23      0.49      0.31      1000
          1       0.26      0.19      0.22      1000
          2       0.22      0.15      0.18      1000
          3       0.22      0.12      0.15      1000
          4       0.27      0.09      0.13      1000
          5       0.29      0.14      0.19      1000
          6       0.32      0.17      0.22      1000
          7       0.29      0.18      0.22      1000
          8       0.20      0.56      0.29      1000
          9       0.21      0.25      0.23      1000

avg / total       0.25      0.23      0.21     10000

**************************************************
   Model: cnet
Training: §cifar-gen-DGAN-train
 Testing: §cifar-gen-DGAN-test

             precision    recall  f1-score   support

          0       0.99      1.00      0.99       607
          1       0.99      0.99      0.99       586
          2       1.00      0.99      0.99       634
          3       1.00      0.99      0.99       598
          4       1.00      0.98      0.99       593
          5       1.00      1.00      1.00       594
          6       0.99      0.99      0.99       612
          7       1.00      1.00      1.00       579
          8       0.97      0.99      0.98       585
          9       0.99      1.00      0.99       615

avg / total       0.99      0.99      0.99      6003

**************************************************
   Model: cnet
Training: standard-cifar-train-crop[20000]
 Testing: standard-cifar-test

             precision    recall  f1-score   support

          0       0.71      0.57      0.63      1000
          1       0.71      0.74      0.73      1000
          2       0.49      0.47      0.48      1000
          3       0.47      0.37      0.41      1000
          4       0.48      0.55      0.51      1000
          5       0.57      0.43      0.49      1000
          6       0.52      0.84      0.65      1000
          7       0.70      0.65      0.67      1000
          8       0.65      0.76      0.70      1000
          9       0.71      0.58      0.64      1000

avg / total       0.60      0.60      0.59     10000

**************************************************
   Model: cnet
Training: standard-cifar-train-crop[20000]
 Testing: §cifar-gen-DGAN-test

             precision    recall  f1-score   support

          0       0.82      0.72      0.77       607
          1       0.53      0.72      0.61       586
          2       0.79      0.54      0.64       634
          3       0.44      0.42      0.43       598
          4       0.44      0.63      0.52       593
          5       0.56      0.65      0.60       594
          6       0.74      0.81      0.77       612
          7       0.78      0.65      0.71       579
          8       0.82      0.83      0.83       585
          9       0.83      0.49      0.61       615

avg / total       0.68      0.65      0.65      6003

**************************************************
   Model: cnet
Training: standard-cifar-train-crop[20000]
 Testing: §cifar-gen-DGAN

             precision    recall  f1-score   support

          0       0.81      0.72      0.77      2001
          1       0.54      0.73      0.62      2001
          2       0.77      0.52      0.62      2001
          3       0.44      0.41      0.43      2001
          4       0.45      0.64      0.53      2001
          5       0.57      0.67      0.62      2001
          6       0.74      0.82      0.78      2001
          7       0.79      0.66      0.72      2001
          8       0.83      0.82      0.82      2001
          9       0.81      0.48      0.61      2001

avg / total       0.67      0.65      0.65     20010

**************************************************
   Model: cnet
Training: §cifar-gen-DGAN
 Testing: standard-cifar-test

             precision    recall  f1-score   support

          0       0.33      0.44      0.37      1000
          1       0.30      0.23      0.26      1000
          2       0.21      0.28      0.24      1000
          3       0.21      0.11      0.15      1000
          4       0.24      0.15      0.19      1000
          5       0.24      0.19      0.21      1000
          6       0.29      0.15      0.20      1000
          7       0.24      0.29      0.26      1000
          8       0.24      0.48      0.32      1000
          9       0.26      0.25      0.25      1000

avg / total       0.26      0.26      0.25     10000

**************************************************
   Model: cnet
Training: §cifar-gen-DGAN
 Testing: standard-cifar-all

             precision    recall  f1-score   support

          0       0.33      0.43      0.37      6000
          1       0.29      0.22      0.25      6000
          2       0.22      0.29      0.25      6000
          3       0.23      0.12      0.16      6000
          4       0.24      0.16      0.19      6000
          5       0.25      0.20      0.22      6000
          6       0.31      0.15      0.20      6000
          7       0.24      0.28      0.26      6000
          8       0.25      0.50      0.33      6000
          9       0.27      0.27      0.27      6000

avg / total       0.26      0.26      0.25     60000
