
**************************************************
   Model: cnet
Training: §cifar-gen-DGAN-train
 Testing: standard-cifar-train-crop[20000]

             precision    recall  f1-score   support

          0       0.27      0.27      0.27      2038
          1       0.23      0.18      0.20      2044
          2       0.19      0.17      0.18      2032
          3       0.16      0.25      0.19      2041
          4       0.18      0.30      0.22      1993
          5       0.14      0.11      0.12      1892
          6       0.20      0.10      0.13      1959
          7       0.28      0.16      0.20      2054
          8       0.28      0.38      0.32      1957
          9       0.22      0.20      0.21      1990

avg / total       0.22      0.21      0.21     20000

**************************************************
   Model: cnet
Training: §cifar-gen-DGAN-train
 Testing: standard-cifar-test

             precision    recall  f1-score   support

          0       0.26      0.27      0.26      1000
          1       0.22      0.18      0.20      1000
          2       0.17      0.17      0.17      1000
          3       0.15      0.24      0.18      1000
          4       0.17      0.28      0.21      1000
          5       0.14      0.10      0.12      1000
          6       0.22      0.11      0.15      1000
          7       0.25      0.14      0.18      1000
          8       0.28      0.37      0.32      1000
          9       0.19      0.16      0.17      1000

avg / total       0.21      0.20      0.20     10000

**************************************************
   Model: cnet
Training: §cifar-gen-DGAN-train
 Testing: §cifar-gen-DGAN-test

             precision    recall  f1-score   support

          0       1.00      0.98      0.99       592
          1       1.00      1.00      1.00       569
          2       1.00      1.00      1.00       612
          3       0.99      1.00      1.00       575
          4       1.00      1.00      1.00       580
          5       1.00      1.00      1.00       636
          6       1.00      1.00      1.00       605
          7       1.00      1.00      1.00       625
          8       0.98      1.00      0.99       582
          9       1.00      1.00      1.00       627

avg / total       1.00      1.00      1.00      6003

**************************************************
   Model: cnet
Training: standard-cifar-train-crop[20000]
 Testing: standard-cifar-test

             precision    recall  f1-score   support

          0       0.65      0.67      0.66      1000
          1       0.71      0.72      0.72      1000
          2       0.49      0.51      0.50      1000
          3       0.45      0.41      0.43      1000
          4       0.56      0.48      0.52      1000
          5       0.60      0.41      0.49      1000
          6       0.66      0.69      0.67      1000
          7       0.65      0.70      0.67      1000
          8       0.70      0.72      0.71      1000
          9       0.59      0.75      0.66      1000

avg / total       0.61      0.61      0.60     10000

**************************************************
   Model: cnet
Training: standard-cifar-train-crop[20000]
 Testing: §cifar-gen-DGAN-test

             precision    recall  f1-score   support

          0       0.64      0.70      0.67       592
          1       0.52      0.54      0.53       569
          2       0.63      0.72      0.67       612
          3       0.62      0.63      0.62       575
          4       0.47      0.49      0.48       580
          5       0.64      0.16      0.25       636
          6       0.64      0.91      0.75       605
          7       0.66      0.55      0.60       625
          8       0.65      0.55      0.60       582
          9       0.42      0.56      0.48       627

avg / total       0.59      0.58      0.56      6003

**************************************************
   Model: cnet
Training: standard-cifar-train-crop[20000]
 Testing: §cifar-gen-DGAN

             precision    recall  f1-score   support

          0       0.63      0.68      0.65      2001
          1       0.54      0.52      0.53      2001
          2       0.63      0.71      0.67      2001
          3       0.65      0.65      0.65      2001
          4       0.47      0.50      0.48      2001
          5       0.65      0.16      0.26      2001
          6       0.66      0.93      0.77      2001
          7       0.67      0.56      0.61      2001
          8       0.64      0.57      0.60      2001
          9       0.39      0.55      0.46      2001

avg / total       0.59      0.58      0.57     20010

**************************************************
   Model: cnet
Training: §cifar-gen-DGAN
 Testing: standard-cifar-test

             precision    recall  f1-score   support

          0       0.31      0.29      0.30      1000
          1       0.24      0.22      0.23      1000
          2       0.17      0.24      0.20      1000
          3       0.20      0.16      0.18      1000
          4       0.18      0.33      0.24      1000
          5       0.14      0.11      0.12      1000
          6       0.24      0.15      0.19      1000
          7       0.24      0.22      0.23      1000
          8       0.28      0.39      0.33      1000
          9       0.25      0.09      0.13      1000

avg / total       0.23      0.22      0.21     10000

**************************************************
   Model: cnet
Training: §cifar-gen-DGAN
 Testing: standard-cifar-all

             precision    recall  f1-score   support

          0       0.32      0.30      0.31      6000
          1       0.24      0.22      0.23      6000
          2       0.18      0.24      0.20      6000
          3       0.21      0.18      0.19      6000
          4       0.19      0.35      0.24      6000
          5       0.14      0.11      0.13      6000
          6       0.23      0.15      0.18      6000
          7       0.23      0.22      0.23      6000
          8       0.29      0.40      0.34      6000
          9       0.23      0.08      0.12      6000

avg / total       0.23      0.22      0.22     60000
