
**************************************************
   Model: cnet
Training: §cifar-gen-DGAN-train
 Testing: standard-cifar-train-crop[20000]

             precision    recall  f1-score   support

          0       0.19      0.20      0.20      2009
          1       0.38      0.18      0.24      1998
          2       0.16      0.19      0.17      1942
          3       0.19      0.21      0.20      2007
          4       0.18      0.36      0.24      2035
          5       0.24      0.21      0.22      2013
          6       0.20      0.12      0.15      2027
          7       0.17      0.14      0.15      2022
          8       0.29      0.34      0.31      1962
          9       0.18      0.13      0.15      1985

avg / total       0.22      0.21      0.20     20000

**************************************************
   Model: cnet
Training: §cifar-gen-DGAN-train
 Testing: standard-cifar-test

             precision    recall  f1-score   support

          0       0.17      0.18      0.18      1000
          1       0.32      0.16      0.21      1000
          2       0.14      0.17      0.16      1000
          3       0.18      0.20      0.19      1000
          4       0.18      0.35      0.24      1000
          5       0.22      0.19      0.20      1000
          6       0.21      0.13      0.16      1000
          7       0.16      0.13      0.14      1000
          8       0.27      0.32      0.29      1000
          9       0.17      0.13      0.15      1000

avg / total       0.20      0.19      0.19     10000

**************************************************
   Model: cnet
Training: §cifar-gen-DGAN-train
 Testing: §cifar-gen-DGAN-test

             precision    recall  f1-score   support

          0       1.00      1.00      1.00       588
          1       1.00      1.00      1.00       608
          2       1.00      1.00      1.00       624
          3       1.00      1.00      1.00       639
          4       1.00      1.00      1.00       571
          5       1.00      1.00      1.00       584
          6       1.00      1.00      1.00       616
          7       1.00      1.00      1.00       588
          8       1.00      1.00      1.00       585
          9       1.00      1.00      1.00       600

avg / total       1.00      1.00      1.00      6003

**************************************************
   Model: cnet
Training: standard-cifar-train-crop[20000]
 Testing: standard-cifar-test

             precision    recall  f1-score   support

          0       0.68      0.59      0.63      1000
          1       0.75      0.71      0.73      1000
          2       0.47      0.52      0.49      1000
          3       0.45      0.40      0.42      1000
          4       0.48      0.61      0.54      1000
          5       0.60      0.40      0.48      1000
          6       0.72      0.69      0.70      1000
          7       0.80      0.59      0.68      1000
          8       0.54      0.85      0.66      1000
          9       0.68      0.67      0.67      1000

avg / total       0.62      0.60      0.60     10000

**************************************************
   Model: cnet
Training: standard-cifar-train-crop[20000]
 Testing: §cifar-gen-DGAN-test

             precision    recall  f1-score   support

          0       0.81      0.57      0.67       588
          1       0.98      0.91      0.94       608
          2       0.32      0.60      0.42       624
          3       0.59      0.82      0.69       639
          4       0.35      0.48      0.41       571
          5       0.76      0.75      0.75       584
          6       0.35      0.04      0.07       616
          7       0.84      0.20      0.33       588
          8       0.43      0.92      0.58       585
          9       0.02      0.01      0.01       600

avg / total       0.54      0.53      0.49      6003

**************************************************
   Model: cnet
Training: standard-cifar-train-crop[20000]
 Testing: §cifar-gen-DGAN

             precision    recall  f1-score   support

          0       0.82      0.58      0.68      2001
          1       0.98      0.90      0.94      2001
          2       0.31      0.59      0.41      2001
          3       0.60      0.81      0.69      2001
          4       0.36      0.48      0.41      2001
          5       0.78      0.75      0.77      2001
          6       0.35      0.04      0.08      2001
          7       0.84      0.18      0.30      2001
          8       0.43      0.93      0.59      2001
          9       0.01      0.00      0.00      2001

avg / total       0.55      0.53      0.49     20010

**************************************************
   Model: cnet
Training: §cifar-gen-DGAN
 Testing: standard-cifar-test

             precision    recall  f1-score   support

          0       0.16      0.18      0.16      1000
          1       0.32      0.19      0.24      1000
          2       0.14      0.16      0.15      1000
          3       0.19      0.23      0.21      1000
          4       0.21      0.12      0.15      1000
          5       0.21      0.12      0.15      1000
          6       0.20      0.15      0.17      1000
          7       0.20      0.20      0.20      1000
          8       0.20      0.42      0.27      1000
          9       0.12      0.12      0.12      1000

avg / total       0.19      0.19      0.18     10000

**************************************************
   Model: cnet
Training: §cifar-gen-DGAN
 Testing: standard-cifar-all

             precision    recall  f1-score   support

          0       0.18      0.21      0.19      6000
          1       0.34      0.19      0.25      6000
          2       0.14      0.16      0.15      6000
          3       0.19      0.22      0.20      6000
          4       0.22      0.13      0.16      6000
          5       0.20      0.12      0.15      6000
          6       0.19      0.15      0.17      6000
          7       0.20      0.20      0.20      6000
          8       0.20      0.42      0.27      6000
          9       0.13      0.13      0.13      6000

avg / total       0.20      0.19      0.19     60000
