
**************************************************
   Model: cnet
Training: §cifar-gen-DGAN-train
 Testing: standard-cifar-train-crop[20000]

             precision    recall  f1-score   support

          0       0.26      0.33      0.29      2016
          1       0.17      0.31      0.22      2024
          2       0.09      0.06      0.07      1955
          3       0.16      0.11      0.13      2025
          4       0.15      0.16      0.16      1987
          5       0.09      0.11      0.10      1935
          6       0.14      0.31      0.19      1971
          7       0.13      0.05      0.07      1990
          8       0.33      0.10      0.15      2045
          9       0.21      0.12      0.15      2052

avg / total       0.18      0.17      0.15     20000

**************************************************
   Model: cnet
Training: §cifar-gen-DGAN-train
 Testing: standard-cifar-test

             precision    recall  f1-score   support

          0       0.28      0.35      0.31      1000
          1       0.18      0.33      0.23      1000
          2       0.09      0.05      0.06      1000
          3       0.14      0.09      0.10      1000
          4       0.16      0.17      0.16      1000
          5       0.11      0.12      0.11      1000
          6       0.16      0.35      0.22      1000
          7       0.16      0.06      0.09      1000
          8       0.35      0.11      0.17      1000
          9       0.19      0.12      0.15      1000

avg / total       0.18      0.17      0.16     10000

**************************************************
   Model: cnet
Training: §cifar-gen-DGAN-train
 Testing: §cifar-gen-DGAN-test

             precision    recall  f1-score   support

          0       1.00      1.00      1.00       614
          1       1.00      1.00      1.00       652
          2       1.00      1.00      1.00       591
          3       1.00      1.00      1.00       528
          4       1.00      1.00      1.00       597
          5       1.00      1.00      1.00       610
          6       1.00      1.00      1.00       600
          7       1.00      1.00      1.00       591
          8       1.00      1.00      1.00       622
          9       1.00      1.00      1.00       598

avg / total       1.00      1.00      1.00      6003

**************************************************
   Model: cnet
Training: standard-cifar-train-crop[20000]
 Testing: standard-cifar-test

             precision    recall  f1-score   support

          0       0.71      0.65      0.68      1000
          1       0.70      0.75      0.72      1000
          2       0.54      0.42      0.47      1000
          3       0.47      0.36      0.41      1000
          4       0.56      0.50      0.52      1000
          5       0.54      0.54      0.54      1000
          6       0.58      0.77      0.66      1000
          7       0.61      0.73      0.66      1000
          8       0.70      0.74      0.72      1000
          9       0.68      0.68      0.68      1000

avg / total       0.61      0.61      0.61     10000

**************************************************
   Model: cnet
Training: standard-cifar-train-crop[20000]
 Testing: §cifar-gen-DGAN-test

             precision    recall  f1-score   support

          0       0.58      0.34      0.43       614
          1       0.88      0.27      0.41       652
          2       0.12      0.08      0.10       591
          3       0.23      0.20      0.21       528
          4       0.23      0.64      0.34       597
          5       0.01      0.00      0.00       610
          6       0.52      0.78      0.62       600
          7       0.00      0.00      0.00       591
          8       0.66      1.00      0.80       622
          9       0.18      0.15      0.16       598

avg / total       0.35      0.35      0.31      6003

**************************************************
   Model: cnet
Training: standard-cifar-train-crop[20000]
 Testing: §cifar-gen-DGAN

             precision    recall  f1-score   support

          0       0.59      0.35      0.44      2001
          1       0.88      0.28      0.43      2001
          2       0.12      0.08      0.10      2001
          3       0.27      0.22      0.24      2001
          4       0.22      0.62      0.33      2001
          5       0.01      0.00      0.00      2001
          6       0.52      0.75      0.61      2001
          7       0.00      0.00      0.00      2001
          8       0.66      1.00      0.80      2001
          9       0.21      0.16      0.18      2001

avg / total       0.35      0.35      0.31     20010

**************************************************
   Model: cnet
Training: §cifar-gen-DGAN
 Testing: standard-cifar-test

             precision    recall  f1-score   support

          0       0.28      0.38      0.32      1000
          1       0.21      0.28      0.24      1000
          2       0.12      0.05      0.07      1000
          3       0.19      0.12      0.15      1000
          4       0.15      0.12      0.14      1000
          5       0.09      0.18      0.12      1000
          6       0.14      0.19      0.16      1000
          7       0.14      0.02      0.03      1000
          8       0.29      0.27      0.28      1000
          9       0.14      0.14      0.14      1000

avg / total       0.18      0.18      0.16     10000

**************************************************
   Model: cnet
Training: §cifar-gen-DGAN
 Testing: standard-cifar-all

             precision    recall  f1-score   support

          0       0.28      0.36      0.31      6000
          1       0.20      0.27      0.23      6000
          2       0.13      0.05      0.07      6000
          3       0.20      0.13      0.15      6000
          4       0.14      0.11      0.12      6000
          5       0.10      0.21      0.13      6000
          6       0.13      0.17      0.15      6000
          7       0.09      0.01      0.02      6000
          8       0.29      0.27      0.28      6000
          9       0.14      0.14      0.14      6000

avg / total       0.17      0.17      0.16     60000
