
**************************************************
   Model: cnet
Training: §cifar-gen-DGAN-train
 Testing: standard-cifar-train-crop[20000]

             precision    recall  f1-score   support

          0       0.24      0.48      0.32      2007
          1       0.25      0.26      0.25      2039
          2       0.21      0.17      0.18      1997
          3       0.18      0.22      0.20      1984
          4       0.22      0.14      0.17      2024
          5       0.29      0.16      0.21      1925
          6       0.29      0.25      0.27      2025
          7       0.23      0.25      0.24      2076
          8       0.32      0.35      0.33      1964
          9       0.29      0.21      0.24      1959

avg / total       0.25      0.25      0.24     20000

**************************************************
   Model: cnet
Training: §cifar-gen-DGAN-train
 Testing: standard-cifar-test

             precision    recall  f1-score   support

          0       0.26      0.52      0.35      1000
          1       0.27      0.29      0.28      1000
          2       0.21      0.16      0.18      1000
          3       0.16      0.20      0.17      1000
          4       0.21      0.14      0.17      1000
          5       0.28      0.15      0.20      1000
          6       0.28      0.24      0.26      1000
          7       0.23      0.24      0.24      1000
          8       0.31      0.32      0.31      1000
          9       0.31      0.24      0.27      1000

avg / total       0.25      0.25      0.24     10000

**************************************************
   Model: cnet
Training: §cifar-gen-DGAN-train
 Testing: §cifar-gen-DGAN-test

             precision    recall  f1-score   support

          0       0.99      0.99      0.99       596
          1       1.00      0.99      1.00       588
          2       1.00      1.00      1.00       598
          3       0.98      1.00      0.99       620
          4       1.00      1.00      1.00       640
          5       1.00      0.99      0.99       600
          6       1.00      1.00      1.00       595
          7       0.99      0.99      0.99       565
          8       1.00      1.00      1.00       599
          9       1.00      1.00      1.00       602

avg / total       1.00      1.00      1.00      6003

**************************************************
   Model: cnet
Training: standard-cifar-train-crop[20000]
 Testing: standard-cifar-test

             precision    recall  f1-score   support

          0       0.76      0.46      0.57      1000
          1       0.82      0.63      0.71      1000
          2       0.56      0.36      0.44      1000
          3       0.44      0.45      0.45      1000
          4       0.54      0.59      0.57      1000
          5       0.52      0.50      0.51      1000
          6       0.61      0.77      0.68      1000
          7       0.71      0.69      0.70      1000
          8       0.55      0.85      0.67      1000
          9       0.66      0.72      0.69      1000

avg / total       0.62      0.60      0.60     10000

**************************************************
   Model: cnet
Training: standard-cifar-train-crop[20000]
 Testing: §cifar-gen-DGAN-test

             precision    recall  f1-score   support

          0       0.69      0.29      0.41       596
          1       0.79      0.15      0.25       588
          2       0.94      0.59      0.72       598
          3       0.75      0.80      0.77       620
          4       0.55      0.36      0.43       640
          5       0.74      0.93      0.82       600
          6       0.90      0.64      0.74       595
          7       0.59      0.87      0.71       565
          8       0.53      0.91      0.67       599
          9       0.47      0.89      0.61       602

avg / total       0.69      0.64      0.61      6003

**************************************************
   Model: cnet
Training: standard-cifar-train-crop[20000]
 Testing: §cifar-gen-DGAN

             precision    recall  f1-score   support

          0       0.73      0.31      0.44      2001
          1       0.80      0.16      0.27      2001
          2       0.95      0.60      0.73      2001
          3       0.75      0.80      0.78      2001
          4       0.53      0.34      0.41      2001
          5       0.73      0.93      0.82      2001
          6       0.89      0.63      0.74      2001
          7       0.63      0.88      0.74      2001
          8       0.53      0.92      0.67      2001
          9       0.47      0.89      0.61      2001

avg / total       0.70      0.65      0.62     20010

**************************************************
   Model: cnet
Training: §cifar-gen-DGAN
 Testing: standard-cifar-test

             precision    recall  f1-score   support

          0       0.32      0.49      0.39      1000
          1       0.27      0.31      0.29      1000
          2       0.20      0.15      0.17      1000
          3       0.16      0.19      0.18      1000
          4       0.19      0.17      0.18      1000
          5       0.29      0.20      0.24      1000
          6       0.24      0.24      0.24      1000
          7       0.25      0.28      0.26      1000
          8       0.30      0.33      0.31      1000
          9       0.30      0.17      0.21      1000

avg / total       0.25      0.25      0.25     10000

**************************************************
   Model: cnet
Training: §cifar-gen-DGAN
 Testing: standard-cifar-all

             precision    recall  f1-score   support

          0       0.30      0.47      0.37      6000
          1       0.25      0.29      0.27      6000
          2       0.20      0.15      0.17      6000
          3       0.17      0.20      0.19      6000
          4       0.20      0.18      0.19      6000
          5       0.27      0.18      0.21      6000
          6       0.26      0.27      0.26      6000
          7       0.24      0.27      0.25      6000
          8       0.32      0.36      0.34      6000
          9       0.29      0.15      0.20      6000

avg / total       0.25      0.25      0.25     60000
