
**************************************************
   Model: cnet
Training: §cifar-gen-DGAN-train
 Testing: standard-cifar-train-crop[20000]

             precision    recall  f1-score   support

          0       0.42      0.35      0.38      2009
          1       0.35      0.31      0.32      1976
          2       0.21      0.25      0.23      1991
          3       0.21      0.24      0.23      1963
          4       0.20      0.29      0.24      2032
          5       0.27      0.22      0.24      2011
          6       0.30      0.24      0.27      1958
          7       0.26      0.21      0.23      2019
          8       0.41      0.40      0.41      2078
          9       0.28      0.33      0.31      1963

avg / total       0.29      0.28      0.29     20000

**************************************************
   Model: cnet
Training: §cifar-gen-DGAN-train
 Testing: standard-cifar-test

             precision    recall  f1-score   support

          0       0.41      0.35      0.38      1000
          1       0.35      0.30      0.32      1000
          2       0.20      0.22      0.21      1000
          3       0.21      0.24      0.22      1000
          4       0.20      0.32      0.25      1000
          5       0.23      0.17      0.20      1000
          6       0.29      0.23      0.26      1000
          7       0.26      0.22      0.24      1000
          8       0.40      0.40      0.40      1000
          9       0.28      0.30      0.29      1000

avg / total       0.28      0.28      0.28     10000

**************************************************
   Model: cnet
Training: §cifar-gen-DGAN-train
 Testing: §cifar-gen-DGAN-test

             precision    recall  f1-score   support

          0       0.99      0.98      0.99       563
          1       0.99      0.98      0.98       577
          2       0.98      0.98      0.98       599
          3       0.98      0.98      0.98       593
          4       0.98      0.99      0.99       606
          5       0.99      0.99      0.99       627
          6       1.00      0.99      0.99       617
          7       0.99      0.99      0.99       607
          8       0.99      0.99      0.99       627
          9       0.98      0.99      0.98       587

avg / total       0.99      0.99      0.99      6003

**************************************************
   Model: cnet
Training: standard-cifar-train-crop[20000]
 Testing: standard-cifar-test

             precision    recall  f1-score   support

          0       0.64      0.74      0.69      1000
          1       0.72      0.76      0.74      1000
          2       0.51      0.44      0.47      1000
          3       0.54      0.30      0.38      1000
          4       0.49      0.60      0.54      1000
          5       0.54      0.50      0.52      1000
          6       0.67      0.73      0.70      1000
          7       0.59      0.76      0.67      1000
          8       0.75      0.72      0.73      1000
          9       0.75      0.64      0.69      1000

avg / total       0.62      0.62      0.61     10000

**************************************************
   Model: cnet
Training: standard-cifar-train-crop[20000]
 Testing: §cifar-gen-DGAN-test

             precision    recall  f1-score   support

          0       0.68      0.89      0.77       563
          1       0.73      0.92      0.82       577
          2       0.64      0.33      0.43       599
          3       0.62      0.29      0.39       593
          4       0.59      0.60      0.60       606
          5       0.74      0.78      0.75       627
          6       0.74      0.78      0.76       617
          7       0.50      0.90      0.64       607
          8       0.92      0.69      0.79       627
          9       0.79      0.61      0.69       587

avg / total       0.70      0.68      0.67      6003

**************************************************
   Model: cnet
Training: standard-cifar-train-crop[20000]
 Testing: §cifar-gen-DGAN

             precision    recall  f1-score   support

          0       0.69      0.89      0.78      2001
          1       0.75      0.93      0.83      2001
          2       0.66      0.32      0.43      2001
          3       0.63      0.30      0.41      2001
          4       0.58      0.60      0.59      2001
          5       0.73      0.79      0.76      2001
          6       0.72      0.75      0.74      2001
          7       0.50      0.91      0.65      2001
          8       0.90      0.69      0.78      2001
          9       0.81      0.61      0.70      2001

avg / total       0.70      0.68      0.67     20010

**************************************************
   Model: cnet
Training: §cifar-gen-DGAN
 Testing: standard-cifar-test

             precision    recall  f1-score   support

          0       0.39      0.38      0.39      1000
          1       0.37      0.31      0.34      1000
          2       0.19      0.23      0.21      1000
          3       0.20      0.27      0.23      1000
          4       0.19      0.32      0.23      1000
          5       0.24      0.18      0.20      1000
          6       0.35      0.21      0.26      1000
          7       0.35      0.16      0.22      1000
          8       0.37      0.46      0.41      1000
          9       0.31      0.26      0.28      1000

avg / total       0.29      0.28      0.28     10000

**************************************************
   Model: cnet
Training: §cifar-gen-DGAN
 Testing: standard-cifar-all

             precision    recall  f1-score   support

          0       0.40      0.38      0.39      6000
          1       0.37      0.31      0.34      6000
          2       0.19      0.25      0.22      6000
          3       0.20      0.27      0.23      6000
          4       0.18      0.29      0.22      6000
          5       0.25      0.20      0.22      6000
          6       0.34      0.20      0.25      6000
          7       0.31      0.14      0.19      6000
          8       0.37      0.46      0.41      6000
          9       0.31      0.26      0.28      6000

avg / total       0.29      0.28      0.28     60000
