
**************************************************
   Model: linsvc
Training: §cifar-gen-DGAN-train
 Testing: standard-cifar-train-crop[1000]

             precision    recall  f1-score   support

          0       0.12      0.26      0.17       112
          1       0.24      0.05      0.08       110
          2       0.15      0.32      0.21        93
          3       0.24      0.21      0.23        99
          4       0.10      0.14      0.11        93
          5       0.13      0.08      0.10        86
          6       0.13      0.08      0.10       111
          7       0.21      0.06      0.09        99
          8       0.15      0.20      0.17       104
          9       0.24      0.08      0.11        93

avg / total       0.17      0.15      0.14      1000

**************************************************
   Model: linsvc
Training: §cifar-gen-DGAN-train
 Testing: standard-cifar-test-crop[1000]

             precision    recall  f1-score   support

          0       0.10      0.29      0.15        92
          1       0.13      0.02      0.03       120
          2       0.13      0.26      0.18        94
          3       0.17      0.15      0.16        95
          4       0.12      0.19      0.15        95
          5       0.12      0.08      0.09        92
          6       0.13      0.08      0.10       112
          7       0.16      0.03      0.05        95
          8       0.21      0.27      0.23        97
          9       0.53      0.16      0.24       108

avg / total       0.18      0.15      0.14      1000

**************************************************
   Model: linsvc
Training: §cifar-gen-DGAN-train
 Testing: §cifar-gen-DGAN-test

             precision    recall  f1-score   support

          0       1.00      1.00      1.00        27
          1       1.00      1.00      1.00        24
          2       1.00      1.00      1.00        32
          3       1.00      1.00      1.00        27
          4       1.00      1.00      1.00        28
          5       1.00      1.00      1.00        28
          6       1.00      1.00      1.00        34
          7       1.00      1.00      1.00        33
          8       1.00      1.00      1.00        29
          9       1.00      1.00      1.00        26

avg / total       1.00      1.00      1.00       288

**************************************************
   Model: linsvc
Training: standard-cifar-train-crop[1000]
 Testing: standard-cifar-test-crop[1000]

             precision    recall  f1-score   support

          0       0.22      0.24      0.23        92
          1       0.32      0.22      0.26       120
          2       0.15      0.21      0.18        94
          3       0.16      0.19      0.17        95
          4       0.23      0.28      0.25        95
          5       0.23      0.24      0.24        92
          6       0.29      0.22      0.25       112
          7       0.17      0.15      0.16        95
          8       0.14      0.19      0.16        97
          9       0.28      0.17      0.21       108

avg / total       0.22      0.21      0.21      1000

**************************************************
   Model: linsvc
Training: standard-cifar-train-crop[1000]
 Testing: §cifar-gen-DGAN-test

             precision    recall  f1-score   support

          0       0.20      0.22      0.21        27
          1       0.00      0.00      0.00        24
          2       0.59      0.62      0.61        32
          3       0.00      0.00      0.00        27
          4       0.18      0.39      0.25        28
          5       0.22      0.36      0.27        28
          6       0.18      0.09      0.12        34
          7       0.53      0.58      0.55        33
          8       0.28      0.28      0.28        29
          9       0.10      0.04      0.06        26

avg / total       0.24      0.27      0.25       288

**************************************************
   Model: linsvc
Training: standard-cifar-train-crop[1000]
 Testing: §cifar-gen-DGAN

             precision    recall  f1-score   support

          0       0.15      0.17      0.16        96
          1       0.00      0.00      0.00        96
          2       0.56      0.64      0.60        96
          3       0.03      0.01      0.02        96
          4       0.13      0.23      0.16        96
          5       0.20      0.28      0.23        96
          6       0.12      0.06      0.08        96
          7       0.40      0.53      0.46        96
          8       0.24      0.29      0.26        96
          9       0.03      0.01      0.01        96

avg / total       0.19      0.22      0.20       960

**************************************************
   Model: linsvc
Training: §cifar-gen-DGAN
 Testing: standard-cifar-test

             precision    recall  f1-score   support

          0       0.13      0.44      0.20      1000
          1       0.24      0.03      0.05      1000
          2       0.15      0.20      0.17      1000
          3       0.18      0.11      0.13      1000
          4       0.14      0.23      0.18      1000
          5       0.14      0.07      0.09      1000
          6       0.17      0.13      0.14      1000
          7       0.27      0.06      0.10      1000
          8       0.20      0.26      0.23      1000
          9       0.38      0.10      0.16      1000

avg / total       0.20      0.16      0.15     10000

**************************************************
   Model: linsvc
Training: §cifar-gen-DGAN
 Testing: standard-cifar-all

             precision    recall  f1-score   support

          0       0.14      0.45      0.21      6000
          1       0.22      0.03      0.05      6000
          2       0.15      0.21      0.18      6000
          3       0.17      0.11      0.13      6000
          4       0.15      0.23      0.18      6000
          5       0.12      0.06      0.08      6000
          6       0.16      0.12      0.14      6000
          7       0.22      0.05      0.09      6000
          8       0.20      0.26      0.23      6000
          9       0.39      0.11      0.17      6000

avg / total       0.19      0.16      0.15     60000

**************************************************
   Model: linsvc
Training: §cifar-gen-DGAN-train
 Testing: standard-cifar-train-crop[1000]

             precision    recall  f1-score   support

          0       0.14      0.47      0.21        92
          1       0.00      0.00      0.00       106
          2       0.15      0.25      0.19       112
          3       0.17      0.12      0.14        96
          4       0.12      0.16      0.14       100
          5       0.15      0.07      0.09        88
          6       0.18      0.14      0.16       100
          7       0.07      0.02      0.03        95
          8       0.22      0.20      0.21       117
          9       0.25      0.09      0.13        94

avg / total       0.15      0.15      0.13      1000

**************************************************
   Model: linsvc
Training: §cifar-gen-DGAN-train
 Testing: standard-cifar-test-crop[1000]

             precision    recall  f1-score   support

          0       0.13      0.46      0.20        89
          1       0.23      0.03      0.06        93
          2       0.15      0.22      0.18        99
          3       0.11      0.06      0.08       118
          4       0.15      0.26      0.19        84
          5       0.22      0.10      0.14       116
          6       0.12      0.10      0.11       101
          7       0.21      0.05      0.08        95
          8       0.20      0.27      0.23        98
          9       0.38      0.07      0.12       107

avg / total       0.19      0.16      0.14      1000

**************************************************
   Model: linsvc
Training: §cifar-gen-DGAN-train
 Testing: §cifar-gen-DGAN-test

             precision    recall  f1-score   support

          0       1.00      1.00      1.00        22
          1       1.00      1.00      1.00        30
          2       1.00      1.00      1.00        30
          3       1.00      1.00      1.00        27
          4       1.00      1.00      1.00        25
          5       1.00      1.00      1.00        30
          6       1.00      1.00      1.00        24
          7       1.00      1.00      1.00        37
          8       1.00      1.00      1.00        31
          9       1.00      1.00      1.00        32

avg / total       1.00      1.00      1.00       288

**************************************************
   Model: linsvc
Training: standard-cifar-train-crop[1000]
 Testing: standard-cifar-test-crop[1000]

             precision    recall  f1-score   support

          0       0.24      0.29      0.26        89
          1       0.31      0.22      0.25        93
          2       0.17      0.25      0.20        99
          3       0.15      0.15      0.15       118
          4       0.14      0.21      0.17        84
          5       0.19      0.16      0.18       116
          6       0.18      0.13      0.15       101
          7       0.22      0.15      0.17        95
          8       0.28      0.36      0.32        98
          9       0.34      0.20      0.25       107

avg / total       0.22      0.21      0.21      1000

**************************************************
   Model: linsvc
Training: standard-cifar-train-crop[1000]
 Testing: §cifar-gen-DGAN-test

             precision    recall  f1-score   support

          0       0.34      0.50      0.41        22
          1       0.19      0.13      0.16        30
          2       0.14      0.20      0.16        30
          3       0.06      0.04      0.05        27
          4       0.39      0.56      0.46        25
          5       0.10      0.10      0.10        30
          6       0.45      0.79      0.58        24
          7       0.44      0.30      0.35        37
          8       0.56      0.61      0.58        31
          9       0.56      0.16      0.24        32

avg / total       0.33      0.32      0.30       288

**************************************************
   Model: linsvc
Training: standard-cifar-train-crop[1000]
 Testing: §cifar-gen-DGAN

             precision    recall  f1-score   support

          0       0.37      0.45      0.40        96
          1       0.25      0.18      0.21        96
          2       0.12      0.17      0.14        96
          3       0.18      0.10      0.13        96
          4       0.40      0.52      0.45        96
          5       0.07      0.06      0.06        96
          6       0.49      0.75      0.60        96
          7       0.38      0.28      0.32        96
          8       0.52      0.66      0.58        96
          9       0.53      0.18      0.27        96

avg / total       0.33      0.33      0.32       960

**************************************************
   Model: linsvc
Training: §cifar-gen-DGAN
 Testing: standard-cifar-test

             precision    recall  f1-score   support

          0       0.13      0.44      0.20      1000
          1       0.24      0.03      0.05      1000
          2       0.15      0.20      0.17      1000
          3       0.18      0.10      0.13      1000
          4       0.14      0.23      0.18      1000
          5       0.14      0.07      0.09      1000
          6       0.17      0.13      0.14      1000
          7       0.26      0.06      0.10      1000
          8       0.20      0.26      0.23      1000
          9       0.38      0.11      0.17      1000

avg / total       0.20      0.16      0.15     10000

**************************************************
   Model: linsvc
Training: §cifar-gen-DGAN
 Testing: standard-cifar-all

             precision    recall  f1-score   support

          0       0.14      0.45      0.21      6000
          1       0.23      0.03      0.05      6000
          2       0.15      0.20      0.18      6000
          3       0.17      0.11      0.13      6000
          4       0.15      0.23      0.18      6000
          5       0.13      0.06      0.08      6000
          6       0.15      0.12      0.13      6000
          7       0.22      0.05      0.08      6000
          8       0.20      0.26      0.23      6000
          9       0.39      0.11      0.17      6000

avg / total       0.19      0.16      0.15     60000

**************************************************
   Model: cnet
Training: §cifar-gen-DGAN-train
 Testing: standard-cifar-train-crop[1000]

             precision    recall  f1-score   support

          0       0.19      0.48      0.27        92
          1       0.36      0.09      0.15       106
          2       0.10      0.14      0.12       112
          3       0.15      0.18      0.17        96
          4       0.05      0.05      0.05       100
          5       0.13      0.19      0.16        88
          6       0.12      0.09      0.10       100
          7       0.20      0.07      0.11        95
          8       0.27      0.18      0.21       117
          9       0.22      0.14      0.17        94

avg / total       0.18      0.16      0.15      1000

**************************************************
   Model: cnet
Training: §cifar-gen-DGAN-train
 Testing: standard-cifar-test-crop[1000]

             precision    recall  f1-score   support

          0       0.21      0.52      0.30        89
          1       0.24      0.05      0.09        93
          2       0.13      0.19      0.15        99
          3       0.16      0.15      0.16       118
          4       0.12      0.14      0.13        84
          5       0.15      0.20      0.17       116
          6       0.12      0.10      0.11       101
          7       0.34      0.12      0.17        95
          8       0.21      0.17      0.19        98
          9       0.30      0.16      0.21       107

avg / total       0.20      0.18      0.17      1000

**************************************************
   Model: cnet
Training: §cifar-gen-DGAN-train
 Testing: §cifar-gen-DGAN-test

             precision    recall  f1-score   support

          0       1.00      1.00      1.00        22
          1       1.00      1.00      1.00        30
          2       1.00      1.00      1.00        30
          3       1.00      1.00      1.00        27
          4       1.00      1.00      1.00        25
          5       1.00      1.00      1.00        30
          6       1.00      1.00      1.00        24
          7       1.00      1.00      1.00        37
          8       1.00      1.00      1.00        31
          9       1.00      1.00      1.00        32

avg / total       1.00      1.00      1.00       288

**************************************************
   Model: cnet
Training: standard-cifar-train-crop[1000]
 Testing: standard-cifar-test-crop[1000]

             precision    recall  f1-score   support

          0       0.57      0.09      0.16        89
          1       0.35      0.06      0.11        93
          2       0.00      0.00      0.00        99
          3       0.16      0.21      0.19       118
          4       0.12      0.85      0.20        84
          5       0.00      0.00      0.00       116
          6       0.00      0.00      0.00       101
          7       0.48      0.12      0.19        95
          8       0.35      0.56      0.43        98
          9       0.43      0.03      0.05       107

avg / total       0.24      0.18      0.13      1000

**************************************************
   Model: cnet
Training: standard-cifar-train-crop[1000]
 Testing: §cifar-gen-DGAN-test

             precision    recall  f1-score   support

          0       0.83      0.23      0.36        22
          1       0.82      0.30      0.44        30
          2       0.50      0.03      0.06        30
          3       0.24      0.63      0.35        27
          4       0.13      0.76      0.22        25
          5       0.00      0.00      0.00        30
          6       0.00      0.00      0.00        24
          7       0.33      0.03      0.05        37
          8       0.46      0.52      0.48        31
          9       0.88      0.44      0.58        32

avg / total       0.42      0.28      0.25       288

**************************************************
   Model: cnet
Training: standard-cifar-train-crop[1000]
 Testing: §cifar-gen-DGAN

             precision    recall  f1-score   support

          0       0.82      0.19      0.31        96
          1       0.70      0.22      0.33        96
          2       0.09      0.01      0.02        96
          3       0.25      0.61      0.36        96
          4       0.17      0.86      0.29        96
          5       0.00      0.00      0.00        96
          6       0.00      0.00      0.00        96
          7       0.25      0.03      0.06        96
          8       0.38      0.51      0.44        96
          9       0.80      0.36      0.50        96

avg / total       0.35      0.28      0.23       960

**************************************************
   Model: cnet
Training: §cifar-gen-DGAN
 Testing: standard-cifar-test

             precision    recall  f1-score   support

          0       0.16      0.63      0.26      1000
          1       0.24      0.06      0.09      1000
          2       0.12      0.20      0.15      1000
          3       0.16      0.10      0.13      1000
          4       0.16      0.21      0.18      1000
          5       0.15      0.09      0.11      1000
          6       0.16      0.07      0.10      1000
          7       0.31      0.07      0.12      1000
          8       0.22      0.14      0.17      1000
          9       0.32      0.11      0.17      1000

avg / total       0.20      0.17      0.15     10000

**************************************************
   Model: cnet
Training: §cifar-gen-DGAN
 Testing: standard-cifar-all

             precision    recall  f1-score   support

          0       0.16      0.62      0.25      6000
          1       0.24      0.06      0.10      6000
          2       0.13      0.21      0.16      6000
          3       0.15      0.11      0.13      6000
          4       0.17      0.22      0.19      6000
          5       0.13      0.08      0.10      6000
          6       0.16      0.07      0.10      6000
          7       0.30      0.07      0.11      6000
          8       0.23      0.14      0.17      6000
          9       0.32      0.12      0.18      6000

avg / total       0.20      0.17      0.15     60000
