
**************************************************
   Model: cnet
Training: §cifar-gen-DGAN-train
 Testing: standard-cifar-train-crop[20000]

             precision    recall  f1-score   support

          0       0.35      0.27      0.31      2010
          1       0.30      0.34      0.32      1954
          2       0.20      0.20      0.20      2036
          3       0.17      0.22      0.19      1950
          4       0.21      0.15      0.18      2051
          5       0.18      0.35      0.24      1969
          6       0.23      0.16      0.19      1975
          7       0.23      0.10      0.14      1986
          8       0.35      0.42      0.38      2093
          9       0.24      0.19      0.21      1976

avg / total       0.25      0.24      0.23     20000

**************************************************
   Model: cnet
Training: §cifar-gen-DGAN-train
 Testing: standard-cifar-test

             precision    recall  f1-score   support

          0       0.34      0.25      0.29      1000
          1       0.27      0.29      0.28      1000
          2       0.19      0.21      0.20      1000
          3       0.15      0.18      0.16      1000
          4       0.19      0.14      0.16      1000
          5       0.18      0.35      0.24      1000
          6       0.25      0.17      0.20      1000
          7       0.29      0.12      0.17      1000
          8       0.33      0.41      0.37      1000
          9       0.24      0.20      0.22      1000

avg / total       0.24      0.23      0.23     10000

**************************************************
   Model: cnet
Training: §cifar-gen-DGAN-train
 Testing: §cifar-gen-DGAN-test

             precision    recall  f1-score   support

          0       0.99      1.00      1.00       602
          1       0.99      0.99      0.99       596
          2       1.00      1.00      1.00       606
          3       0.99      0.99      0.99       584
          4       1.00      1.00      1.00       593
          5       1.00      1.00      1.00       595
          6       1.00      1.00      1.00       637
          7       0.99      0.99      0.99       580
          8       0.99      0.99      0.99       598
          9       1.00      0.98      0.99       612

avg / total       0.99      0.99      0.99      6003

**************************************************
   Model: cnet
Training: standard-cifar-train-crop[20000]
 Testing: standard-cifar-test

             precision    recall  f1-score   support

          0       0.65      0.68      0.66      1000
          1       0.71      0.75      0.73      1000
          2       0.43      0.53      0.48      1000
          3       0.48      0.36      0.41      1000
          4       0.60      0.42      0.50      1000
          5       0.50      0.57      0.53      1000
          6       0.77      0.64      0.70      1000
          7       0.62      0.74      0.67      1000
          8       0.66      0.76      0.71      1000
          9       0.72      0.65      0.68      1000

avg / total       0.61      0.61      0.61     10000

**************************************************
   Model: cnet
Training: standard-cifar-train-crop[20000]
 Testing: §cifar-gen-DGAN-test

             precision    recall  f1-score   support

          0       0.67      0.51      0.58       602
          1       0.58      0.83      0.69       596
          2       0.63      0.54      0.58       606
          3       0.78      0.84      0.81       584
          4       0.70      0.89      0.78       593
          5       0.50      0.38      0.43       595
          6       0.68      0.11      0.20       637
          7       0.63      0.62      0.62       580
          8       0.58      0.93      0.72       598
          9       0.54      0.63      0.58       612

avg / total       0.63      0.62      0.60      6003

**************************************************
   Model: cnet
Training: standard-cifar-train-crop[20000]
 Testing: §cifar-gen-DGAN

             precision    recall  f1-score   support

          0       0.66      0.48      0.56      2001
          1       0.57      0.82      0.67      2001
          2       0.65      0.56      0.60      2001
          3       0.77      0.86      0.81      2001
          4       0.72      0.89      0.79      2001
          5       0.53      0.41      0.46      2001
          6       0.69      0.11      0.19      2001
          7       0.64      0.60      0.62      2001
          8       0.58      0.93      0.71      2001
          9       0.54      0.61      0.57      2001

avg / total       0.63      0.63      0.60     20010

**************************************************
   Model: cnet
Training: §cifar-gen-DGAN
 Testing: standard-cifar-test

             precision    recall  f1-score   support

          0       0.36      0.14      0.20      1000
          1       0.31      0.12      0.17      1000
          2       0.18      0.09      0.12      1000
          3       0.12      0.36      0.18      1000
          4       0.13      0.25      0.17      1000
          5       0.18      0.25      0.21      1000
          6       0.19      0.15      0.17      1000
          7       0.21      0.10      0.13      1000
          8       0.40      0.30      0.35      1000
          9       0.28      0.14      0.19      1000

avg / total       0.24      0.19      0.19     10000

**************************************************
   Model: cnet
Training: §cifar-gen-DGAN
 Testing: standard-cifar-all

             precision    recall  f1-score   support

          0       0.36      0.15      0.21      6000
          1       0.35      0.14      0.20      6000
          2       0.18      0.09      0.12      6000
          3       0.13      0.38      0.19      6000
          4       0.14      0.25      0.18      6000
          5       0.17      0.23      0.19      6000
          6       0.18      0.15      0.16      6000
          7       0.20      0.10      0.13      6000
          8       0.40      0.29      0.34      6000
          9       0.28      0.14      0.18      6000

avg / total       0.24      0.19      0.19     60000
