
**************************************************
   Model: cnet
Training: §cifar-gen-DGAN-train
 Testing: standard-cifar-train

             precision    recall  f1-score   support

          0       0.29      0.26      0.28      5000
          1       0.29      0.27      0.28      5000
          2       0.22      0.18      0.20      5000
          3       0.19      0.28      0.23      5000
          4       0.23      0.15      0.19      5000
          5       0.19      0.25      0.22      5000
          6       0.33      0.09      0.15      5000
          7       0.24      0.25      0.24      5000
          8       0.31      0.55      0.40      5000
          9       0.27      0.23      0.25      5000

avg / total       0.26      0.25      0.24     50000

**************************************************
   Model: cnet
Training: §cifar-gen-DGAN-train
 Testing: standard-cifar-test

             precision    recall  f1-score   support

          0       0.28      0.25      0.26      1000
          1       0.28      0.26      0.27      1000
          2       0.21      0.17      0.19      1000
          3       0.19      0.27      0.22      1000
          4       0.24      0.16      0.19      1000
          5       0.19      0.24      0.21      1000
          6       0.33      0.10      0.15      1000
          7       0.25      0.27      0.26      1000
          8       0.32      0.56      0.40      1000
          9       0.27      0.24      0.26      1000

avg / total       0.25      0.25      0.24     10000

**************************************************
   Model: cnet
Training: §cifar-gen-DGAN-train
 Testing: §cifar-gen-DGAN-test

             precision    recall  f1-score   support

          0       1.00      1.00      1.00      6116
          1       1.00      1.00      1.00      5996
          2       1.00      1.00      1.00      6147
          3       1.00      1.00      1.00      5939
          4       1.00      1.00      1.00      6026
          5       1.00      1.00      1.00      5983
          6       1.00      1.00      1.00      6064
          7       1.00      1.00      1.00      6035
          8       1.00      1.00      1.00      6102
          9       1.00      1.00      1.00      6072

avg / total       1.00      1.00      1.00     60480

**************************************************
   Model: cnet
Training: standard-cifar-train
 Testing: standard-cifar-test

             precision    recall  f1-score   support

          0       0.68      0.77      0.72      1000
          1       0.57      0.86      0.69      1000
          2       0.55      0.54      0.54      1000
          3       0.50      0.51      0.51      1000
          4       0.61      0.63      0.62      1000
          5       0.61      0.59      0.60      1000
          6       0.70      0.80      0.75      1000
          7       0.65      0.78      0.71      1000
          8       0.77      0.78      0.77      1000
          9       0.00      0.00      0.00      1000

avg / total       0.56      0.63      0.59     10000

**************************************************
   Model: cnet
Training: standard-cifar-train
 Testing: §cifar-gen-DGAN-test

             precision    recall  f1-score   support

          0       0.78      0.60      0.67      6116
          1       0.47      0.79      0.59      5996
          2       0.71      0.73      0.72      6147
          3       0.49      0.84      0.62      5939
          4       0.68      0.64      0.66      6026
          5       0.47      0.34      0.39      5983
          6       0.65      0.73      0.69      6064
          7       0.81      0.70      0.75      6035
          8       0.63      0.73      0.68      6102
          9       0.00      0.00      0.00      6072

avg / total       0.57      0.61      0.58     60480

**************************************************
   Model: cnet
Training: standard-cifar-train
 Testing: §cifar-gen-DGAN

             precision    recall  f1-score   support

          0       0.77      0.60      0.68     20160
          1       0.47      0.79      0.59     20160
          2       0.70      0.73      0.72     20160
          3       0.49      0.84      0.62     20160
          4       0.69      0.64      0.66     20160
          5       0.46      0.34      0.39     20160
          6       0.65      0.73      0.69     20160
          7       0.80      0.71      0.75     20160
          8       0.63      0.72      0.67     20160
          9       0.00      0.00      0.00     20160

avg / total       0.57      0.61      0.58    201600

**************************************************
   Model: cnet
Training: §cifar-gen-DGAN
 Testing: standard-cifar-test

             precision    recall  f1-score   support

          0       0.29      0.23      0.26      1000
          1       0.28      0.20      0.24      1000
          2       0.20      0.16      0.18      1000
          3       0.17      0.29      0.21      1000
          4       0.20      0.22      0.21      1000
          5       0.18      0.17      0.18      1000
          6       0.25      0.19      0.22      1000
          7       0.22      0.29      0.25      1000
          8       0.37      0.39      0.38      1000
          9       0.26      0.21      0.23      1000

avg / total       0.24      0.24      0.24     10000

**************************************************
   Model: cnet
Training: §cifar-gen-DGAN
 Testing: standard-cifar-all

             precision    recall  f1-score   support

          0       0.32      0.26      0.28      6000
          1       0.31      0.23      0.26      6000
          2       0.23      0.17      0.20      6000
          3       0.17      0.30      0.22      6000
          4       0.20      0.22      0.21      6000
          5       0.18      0.18      0.18      6000
          6       0.24      0.19      0.21      6000
          7       0.22      0.29      0.25      6000
          8       0.39      0.40      0.39      6000
          9       0.26      0.20      0.23      6000

avg / total       0.25      0.24      0.24     60000
