
**************************************************
   Model: linsvc
Training: §fashion-gen-DGAN-train
 Testing: standard-fashion-train-crop[20000]

             precision    recall  f1-score   support

          0       0.66      0.65      0.65      1995
          1       0.91      0.95      0.93      2021
          2       0.54      0.57      0.56      2001
          3       0.80      0.70      0.75      1976
          4       0.56      0.60      0.58      1995
          5       0.93      0.53      0.68      2032
          6       0.40      0.47      0.43      2012
          7       0.82      0.81      0.82      2012
          8       0.81      0.82      0.82      1981
          9       0.78      0.95      0.85      1975

avg / total       0.72      0.71      0.71     20000

**************************************************
   Model: linsvc
Training: §fashion-gen-DGAN-train
 Testing: standard-fashion-test

             precision    recall  f1-score   support

          0       0.62      0.62      0.62      1000
          1       0.91      0.95      0.93      1000
          2       0.51      0.54      0.52      1000
          3       0.80      0.69      0.74      1000
          4       0.55      0.60      0.57      1000
          5       0.93      0.54      0.68      1000
          6       0.36      0.42      0.39      1000
          7       0.80      0.82      0.81      1000
          8       0.81      0.79      0.80      1000
          9       0.79      0.94      0.86      1000

avg / total       0.71      0.69      0.69     10000

**************************************************
   Model: linsvc
Training: §fashion-gen-DGAN-train
 Testing: §fashion-gen-DGAN-test

             precision    recall  f1-score   support

          0       0.98      0.98      0.98       575
          1       1.00      1.00      1.00       582
          2       0.99      0.99      0.99       597
          3       1.00      0.99      1.00       637
          4       0.98      0.99      0.99       578
          5       1.00      0.99      0.99       626
          6       0.98      0.99      0.98       594
          7       1.00      1.00      1.00       630
          8       0.99      1.00      0.99       570
          9       1.00      1.00      1.00       614

avg / total       0.99      0.99      0.99      6003

**************************************************
   Model: linsvc
Training: standard-fashion-train-crop[20000]
 Testing: standard-fashion-test

             precision    recall  f1-score   support

          0       0.71      0.83      0.76      1000
          1       0.92      0.94      0.93      1000
          2       0.80      0.27      0.40      1000
          3       0.86      0.66      0.75      1000
          4       0.41      0.95      0.57      1000
          5       0.92      0.83      0.87      1000
          6       0.55      0.20      0.29      1000
          7       0.89      0.91      0.90      1000
          8       0.89      0.91      0.90      1000
          9       0.88      0.94      0.91      1000

avg / total       0.78      0.74      0.73     10000

**************************************************
   Model: linsvc
Training: standard-fashion-train-crop[20000]
 Testing: §fashion-gen-DGAN-test

             precision    recall  f1-score   support

          0       0.63      0.68      0.65       575
          1       0.96      0.99      0.98       582
          2       0.85      0.20      0.32       597
          3       0.82      0.69      0.75       637
          4       0.40      0.98      0.56       578
          5       0.96      0.86      0.90       626
          6       0.51      0.14      0.22       594
          7       0.93      0.79      0.86       630
          8       0.80      0.92      0.85       570
          9       0.75      0.94      0.83       614

avg / total       0.76      0.72      0.69      6003

**************************************************
   Model: linsvc
Training: standard-fashion-train-crop[20000]
 Testing: §fashion-gen-DGAN

             precision    recall  f1-score   support

          0       0.64      0.68      0.66      2001
          1       0.96      0.99      0.98      2001
          2       0.83      0.20      0.32      2001
          3       0.80      0.67      0.72      2001
          4       0.40      0.98      0.57      2001
          5       0.96      0.87      0.91      2001
          6       0.48      0.12      0.20      2001
          7       0.92      0.78      0.85      2001
          8       0.82      0.92      0.87      2001
          9       0.75      0.94      0.83      2001

avg / total       0.76      0.71      0.69     20010

**************************************************
   Model: linsvc
Training: §fashion-gen-DGAN
 Testing: standard-fashion-test

             precision    recall  f1-score   support

          0       0.63      0.63      0.63      1000
          1       0.94      0.95      0.95      1000
          2       0.52      0.53      0.53      1000
          3       0.79      0.70      0.74      1000
          4       0.56      0.59      0.58      1000
          5       0.91      0.58      0.71      1000
          6       0.37      0.46      0.41      1000
          7       0.85      0.83      0.84      1000
          8       0.81      0.80      0.81      1000
          9       0.79      0.94      0.86      1000

avg / total       0.72      0.70      0.70     10000

**************************************************
   Model: linsvc
Training: §fashion-gen-DGAN
 Testing: standard-fashion-all

             precision    recall  f1-score   support

          0       0.64      0.63      0.64      7000
          1       0.93      0.96      0.94      7000
          2       0.55      0.56      0.56      7000
          3       0.81      0.71      0.75      7000
          4       0.58      0.61      0.60      7000
          5       0.91      0.56      0.70      7000
          6       0.39      0.48      0.43      7000
          7       0.84      0.83      0.83      7000
          8       0.82      0.81      0.81      7000
          9       0.79      0.95      0.86      7000

avg / total       0.73      0.71      0.71     70000

**************************************************
   Model: cnet
Training: §fashion-gen-DGAN-train
 Testing: standard-fashion-train-crop[20000]

             precision    recall  f1-score   support

          0       0.70      0.69      0.70      1995
          1       0.93      0.96      0.94      2021
          2       0.66      0.55      0.60      2001
          3       0.80      0.78      0.79      1976
          4       0.67      0.59      0.63      1995
          5       0.91      0.82      0.86      2032
          6       0.41      0.55      0.47      2012
          7       0.83      0.83      0.83      2012
          8       0.91      0.86      0.88      1981
          9       0.85      0.95      0.90      1975

avg / total       0.77      0.76      0.76     20000

**************************************************
   Model: cnet
Training: §fashion-gen-DGAN-train
 Testing: standard-fashion-test

             precision    recall  f1-score   support

          0       0.72      0.71      0.71      1000
          1       0.93      0.95      0.94      1000
          2       0.66      0.53      0.59      1000
          3       0.82      0.78      0.80      1000
          4       0.65      0.60      0.62      1000
          5       0.90      0.81      0.85      1000
          6       0.43      0.57      0.49      1000
          7       0.84      0.84      0.84      1000
          8       0.89      0.88      0.89      1000
          9       0.85      0.95      0.90      1000

avg / total       0.77      0.76      0.76     10000

**************************************************
   Model: cnet
Training: §fashion-gen-DGAN-train
 Testing: §fashion-gen-DGAN-test

             precision    recall  f1-score   support

          0       0.98      0.96      0.97       575
          1       1.00      0.99      1.00       582
          2       0.99      0.98      0.98       597
          3       0.99      0.99      0.99       637
          4       0.98      0.99      0.99       578
          5       0.99      0.99      0.99       626
          6       0.96      0.98      0.97       594
          7       0.99      1.00      0.99       630
          8       0.98      0.99      0.99       570
          9       1.00      0.99      1.00       614

avg / total       0.99      0.99      0.99      6003

**************************************************
   Model: cnet
Training: standard-fashion-train-crop[20000]
 Testing: standard-fashion-test

             precision    recall  f1-score   support

          0       0.81      0.82      0.81      1000
          1       0.99      0.97      0.98      1000
          2       0.82      0.75      0.79      1000
          3       0.87      0.86      0.87      1000
          4       0.76      0.82      0.79      1000
          5       0.97      0.95      0.96      1000
          6       0.64      0.66      0.65      1000
          7       0.93      0.94      0.93      1000
          8       0.97      0.96      0.96      1000
          9       0.94      0.96      0.95      1000

avg / total       0.87      0.87      0.87     10000

**************************************************
   Model: cnet
Training: standard-fashion-train-crop[20000]
 Testing: §fashion-gen-DGAN-test

             precision    recall  f1-score   support

          0       0.78      0.77      0.77       575
          1       0.99      0.98      0.99       582
          2       0.90      0.76      0.83       597
          3       0.90      0.89      0.89       637
          4       0.77      0.90      0.83       578
          5       0.99      1.00      0.99       626
          6       0.68      0.65      0.67       594
          7       0.98      0.86      0.91       630
          8       0.92      0.98      0.95       570
          9       0.87      0.98      0.92       614

avg / total       0.88      0.88      0.88      6003

**************************************************
   Model: cnet
Training: standard-fashion-train-crop[20000]
 Testing: §fashion-gen-DGAN

             precision    recall  f1-score   support

          0       0.81      0.76      0.78      2001
          1       0.99      0.99      0.99      2001
          2       0.89      0.78      0.83      2001
          3       0.88      0.89      0.89      2001
          4       0.78      0.90      0.83      2001
          5       0.98      0.99      0.99      2001
          6       0.69      0.67      0.68      2001
          7       0.98      0.87      0.92      2001
          8       0.92      0.97      0.95      2001
          9       0.88      0.98      0.93      2001

avg / total       0.88      0.88      0.88     20010

**************************************************
   Model: cnet
Training: §fashion-gen-DGAN
 Testing: standard-fashion-test

             precision    recall  f1-score   support

          0       0.65      0.74      0.69      1000
          1       0.96      0.94      0.95      1000
          2       0.56      0.78      0.65      1000
          3       0.76      0.81      0.78      1000
          4       0.73      0.49      0.58      1000
          5       0.86      0.83      0.85      1000
          6       0.48      0.42      0.45      1000
          7       0.83      0.85      0.84      1000
          8       0.92      0.83      0.87      1000
          9       0.91      0.91      0.91      1000

avg / total       0.77      0.76      0.76     10000

**************************************************
   Model: cnet
Training: §fashion-gen-DGAN
 Testing: standard-fashion-all

             precision    recall  f1-score   support

          0       0.67      0.76      0.71      7000
          1       0.96      0.94      0.95      7000
          2       0.57      0.76      0.65      7000
          3       0.76      0.82      0.79      7000
          4       0.72      0.50      0.59      7000
          5       0.86      0.84      0.85      7000
          6       0.49      0.43      0.46      7000
          7       0.84      0.85      0.85      7000
          8       0.93      0.84      0.88      7000
          9       0.91      0.90      0.91      7000

avg / total       0.77      0.77      0.76     70000
