
**************************************************
   Model: linsvc
Training: §fashion-gen-DGAN-train
 Testing: standard-fashion-train

             precision    recall  f1-score   support

          0       0.48      0.45      0.46      6000
          1       0.86      0.94      0.90      6000
          2       0.40      0.55      0.46      6000
          3       0.74      0.53      0.62      6000
          4       0.47      0.31      0.37      6000
          5       0.96      0.30      0.46      6000
          6       0.32      0.45      0.37      6000
          7       0.75      0.65      0.70      6000
          8       0.68      0.72      0.70      6000
          9       0.62      0.97      0.76      6000

avg / total       0.63      0.59      0.58     60000

**************************************************
   Model: linsvc
Training: §fashion-gen-DGAN-train
 Testing: standard-fashion-test

             precision    recall  f1-score   support

          0       0.45      0.42      0.44      1000
          1       0.86      0.94      0.90      1000
          2       0.40      0.54      0.46      1000
          3       0.70      0.51      0.59      1000
          4       0.45      0.29      0.35      1000
          5       0.98      0.32      0.48      1000
          6       0.30      0.42      0.35      1000
          7       0.75      0.66      0.70      1000
          8       0.67      0.72      0.69      1000
          9       0.62      0.97      0.76      1000

avg / total       0.62      0.58      0.57     10000

**************************************************
   Model: linsvc
Training: §fashion-gen-DGAN-train
 Testing: §fashion-gen-DGAN-test

             precision    recall  f1-score   support

          0       1.00      1.00      1.00      2773
          1       1.00      1.00      1.00      2872
          2       1.00      1.00      1.00      2848
          3       1.00      1.00      1.00      2893
          4       1.00      1.00      1.00      2783
          5       1.00      1.00      1.00      2835
          6       1.00      1.00      1.00      2833
          7       1.00      1.00      1.00      2851
          8       1.00      1.00      1.00      2808
          9       1.00      1.00      1.00      2842

avg / total       1.00      1.00      1.00     28338

**************************************************
   Model: linsvc
Training: standard-fashion-train
 Testing: standard-fashion-test

             precision    recall  f1-score   support

          0       0.90      0.50      0.64      1000
          1       0.93      0.96      0.94      1000
          2       0.77      0.47      0.59      1000
          3       0.91      0.64      0.75      1000
          4       0.50      0.91      0.65      1000
          5       0.92      0.90      0.91      1000
          6       0.40      0.47      0.43      1000
          7       0.93      0.86      0.90      1000
          8       0.85      0.95      0.90      1000
          9       0.89      0.95      0.92      1000

avg / total       0.80      0.76      0.76     10000

**************************************************
   Model: linsvc
Training: standard-fashion-train
 Testing: §fashion-gen-DGAN-test

             precision    recall  f1-score   support

          0       0.73      0.33      0.45      2773
          1       0.94      1.00      0.97      2872
          2       0.67      0.24      0.35      2848
          3       0.89      0.64      0.74      2893
          4       0.48      0.96      0.64      2783
          5       0.95      0.96      0.95      2835
          6       0.39      0.48      0.43      2833
          7       0.97      0.81      0.88      2851
          8       0.84      0.94      0.89      2808
          9       0.82      0.98      0.89      2842

avg / total       0.77      0.73      0.72     28338

**************************************************
   Model: linsvc
Training: standard-fashion-train
 Testing: §fashion-gen-DGAN

             precision    recall  f1-score   support

          0       0.73      0.31      0.44      9446
          1       0.95      0.99      0.97      9446
          2       0.66      0.23      0.34      9446
          3       0.89      0.64      0.75      9446
          4       0.48      0.96      0.64      9446
          5       0.95      0.96      0.95      9446
          6       0.39      0.49      0.43      9446
          7       0.97      0.80      0.88      9446
          8       0.84      0.94      0.88      9446
          9       0.81      0.98      0.89      9446

avg / total       0.77      0.73      0.72     94460

**************************************************
   Model: linsvc
Training: §fashion-gen-DGAN
 Testing: standard-fashion-test

             precision    recall  f1-score   support

          0       0.44      0.41      0.43      1000
          1       0.86      0.94      0.90      1000
          2       0.40      0.54      0.46      1000
          3       0.73      0.52      0.61      1000
          4       0.46      0.28      0.35      1000
          5       0.96      0.32      0.48      1000
          6       0.30      0.43      0.35      1000
          7       0.75      0.63      0.69      1000
          8       0.66      0.73      0.69      1000
          9       0.61      0.96      0.75      1000

avg / total       0.62      0.58      0.57     10000

**************************************************
   Model: linsvc
Training: §fashion-gen-DGAN
 Testing: standard-fashion-all

             precision    recall  f1-score   support

          0       0.46      0.43      0.44      7000
          1       0.86      0.95      0.90      7000
          2       0.40      0.54      0.46      7000
          3       0.75      0.53      0.62      7000
          4       0.48      0.30      0.37      7000
          5       0.95      0.31      0.47      7000
          6       0.32      0.46      0.37      7000
          7       0.75      0.64      0.69      7000
          8       0.67      0.73      0.70      7000
          9       0.62      0.96      0.75      7000

avg / total       0.63      0.58      0.58     70000

**************************************************
   Model: cnet
Training: §fashion-gen-DGAN-train
 Testing: standard-fashion-train

             precision    recall  f1-score   support

          0       0.60      0.62      0.61      6000
          1       0.92      0.96      0.94      6000
          2       0.55      0.54      0.54      6000
          3       0.73      0.72      0.72      6000
          4       0.62      0.49      0.55      6000
          5       0.88      0.72      0.79      6000
          6       0.37      0.45      0.41      6000
          7       0.80      0.84      0.82      6000
          8       0.85      0.79      0.82      6000
          9       0.84      0.94      0.88      6000

avg / total       0.71      0.71      0.71     60000

**************************************************
   Model: cnet
Training: §fashion-gen-DGAN-train
 Testing: standard-fashion-test

             precision    recall  f1-score   support

          0       0.58      0.61      0.60      1000
          1       0.91      0.95      0.93      1000
          2       0.53      0.53      0.53      1000
          3       0.71      0.71      0.71      1000
          4       0.61      0.47      0.53      1000
          5       0.89      0.72      0.79      1000
          6       0.36      0.43      0.39      1000
          7       0.80      0.85      0.82      1000
          8       0.84      0.79      0.81      1000
          9       0.83      0.94      0.88      1000

avg / total       0.71      0.70      0.70     10000

**************************************************
   Model: cnet
Training: §fashion-gen-DGAN-train
 Testing: §fashion-gen-DGAN-test

             precision    recall  f1-score   support

          0       1.00      1.00      1.00      2773
          1       1.00      1.00      1.00      2872
          2       1.00      1.00      1.00      2848
          3       1.00      1.00      1.00      2893
          4       1.00      1.00      1.00      2783
          5       1.00      1.00      1.00      2835
          6       1.00      1.00      1.00      2833
          7       1.00      1.00      1.00      2851
          8       1.00      1.00      1.00      2808
          9       1.00      1.00      1.00      2842

avg / total       1.00      1.00      1.00     28338

**************************************************
   Model: cnet
Training: standard-fashion-train
 Testing: standard-fashion-test

             precision    recall  f1-score   support

          0       0.88      0.87      0.88      1000
          1       1.00      0.97      0.98      1000
          2       0.84      0.89      0.87      1000
          3       0.91      0.93      0.92      1000
          4       0.87      0.85      0.86      1000
          5       0.98      0.98      0.98      1000
          6       0.76      0.75      0.75      1000
          7       0.96      0.95      0.96      1000
          8       0.99      0.98      0.98      1000
          9       0.95      0.97      0.96      1000

avg / total       0.91      0.91      0.91     10000

**************************************************
   Model: cnet
Training: standard-fashion-train
 Testing: §fashion-gen-DGAN-test

             precision    recall  f1-score   support

          0       0.88      0.84      0.86      2773
          1       0.99      1.00      1.00      2872
          2       0.96      0.91      0.93      2848
          3       0.93      0.97      0.95      2893
          4       0.89      0.96      0.92      2783
          5       0.99      1.00      0.99      2835
          6       0.84      0.78      0.81      2833
          7       0.99      0.91      0.95      2851
          8       0.96      0.98      0.97      2808
          9       0.91      0.99      0.95      2842

avg / total       0.93      0.93      0.93     28338

**************************************************
   Model: cnet
Training: standard-fashion-train
 Testing: §fashion-gen-DGAN

             precision    recall  f1-score   support

          0       0.88      0.84      0.86      9446
          1       0.99      1.00      1.00      9446
          2       0.95      0.90      0.93      9446
          3       0.92      0.97      0.95      9446
          4       0.89      0.96      0.92      9446
          5       0.99      1.00      0.99      9446
          6       0.85      0.77      0.81      9446
          7       0.99      0.91      0.95      9446
          8       0.96      0.98      0.97      9446
          9       0.91      0.99      0.95      9446

avg / total       0.93      0.93      0.93     94460

**************************************************
   Model: cnet
Training: §fashion-gen-DGAN
 Testing: standard-fashion-test

             precision    recall  f1-score   support

          0       0.58      0.55      0.56      1000
          1       0.92      0.95      0.93      1000
          2       0.60      0.39      0.47      1000
          3       0.74      0.74      0.74      1000
          4       0.62      0.40      0.48      1000
          5       0.91      0.73      0.81      1000
          6       0.32      0.57      0.41      1000
          7       0.80      0.84      0.82      1000
          8       0.82      0.79      0.81      1000
          9       0.83      0.95      0.88      1000

avg / total       0.71      0.69      0.69     10000

**************************************************
   Model: cnet
Training: §fashion-gen-DGAN
 Testing: standard-fashion-all

             precision    recall  f1-score   support

          0       0.60      0.56      0.58      7000
          1       0.92      0.96      0.94      7000
          2       0.62      0.40      0.48      7000
          3       0.73      0.74      0.74      7000
          4       0.65      0.41      0.50      7000
          5       0.90      0.73      0.81      7000
          6       0.33      0.58      0.42      7000
          7       0.80      0.84      0.82      7000
          8       0.83      0.79      0.81      7000
          9       0.83      0.95      0.89      7000

avg / total       0.72      0.70      0.70     70000
