
**************************************************
   Model: linsvc
Training: §mnist-gen-DGAN-train
 Testing: standard-mnist-train-crop[20000]

             precision    recall  f1-score   support

          0       0.89      0.92      0.90      2027
          1       0.79      0.97      0.87      2146
          2       0.87      0.71      0.78      1970
          3       0.73      0.82      0.77      1990
          4       0.86      0.79      0.82      1885
          5       0.72      0.58      0.64      1918
          6       0.86      0.92      0.89      1974
          7       0.79      0.89      0.84      2129
          8       0.71      0.59      0.64      1981
          9       0.70      0.73      0.72      1980

avg / total       0.79      0.79      0.79     20000

**************************************************
   Model: linsvc
Training: §mnist-gen-DGAN-train
 Testing: standard-mnist-test

             precision    recall  f1-score   support

          0       0.88      0.92      0.90       980
          1       0.84      0.98      0.90      1135
          2       0.87      0.72      0.79      1032
          3       0.73      0.83      0.78      1010
          4       0.85      0.79      0.82       982
          5       0.73      0.62      0.67       892
          6       0.87      0.91      0.89       958
          7       0.79      0.88      0.83      1028
          8       0.72      0.60      0.66       974
          9       0.73      0.74      0.74      1009

avg / total       0.80      0.80      0.80     10000

**************************************************
   Model: linsvc
Training: §mnist-gen-DGAN-train
 Testing: §mnist-gen-DGAN-test

             precision    recall  f1-score   support

          0       1.00      1.00      1.00       588
          1       1.00      1.00      1.00       604
          2       1.00      0.99      0.99       633
          3       1.00      1.00      1.00       604
          4       1.00      1.00      1.00       588
          5       1.00      1.00      1.00       601
          6       0.99      1.00      1.00       579
          7       0.99      0.99      0.99       606
          8       0.99      0.99      0.99       598
          9       0.99      1.00      1.00       602

avg / total       1.00      1.00      1.00      6003

**************************************************
   Model: linsvc
Training: standard-mnist-train-crop[20000]
 Testing: standard-mnist-test

             precision    recall  f1-score   support

          0       0.93      0.94      0.94       980
          1       0.96      0.94      0.95      1135
          2       0.95      0.75      0.84      1032
          3       0.88      0.76      0.82      1010
          4       0.86      0.92      0.89       982
          5       0.84      0.71      0.77       892
          6       0.93      0.92      0.92       958
          7       0.86      0.90      0.88      1028
          8       0.50      0.93      0.65       974
          9       0.91      0.48      0.63      1009

avg / total       0.86      0.83      0.83     10000

**************************************************
   Model: linsvc
Training: standard-mnist-train-crop[20000]
 Testing: §mnist-gen-DGAN-test

             precision    recall  f1-score   support

          0       0.88      0.84      0.86       588
          1       0.92      0.93      0.92       604
          2       0.89      0.74      0.81       633
          3       0.77      0.72      0.74       604
          4       0.89      0.90      0.90       588
          5       0.79      0.59      0.68       601
          6       0.92      0.96      0.94       579
          7       0.87      0.82      0.84       606
          8       0.51      0.96      0.66       598
          9       0.86      0.55      0.67       602

avg / total       0.83      0.80      0.80      6003

**************************************************
   Model: linsvc
Training: standard-mnist-train-crop[20000]
 Testing: §mnist-gen-DGAN

             precision    recall  f1-score   support

          0       0.89      0.84      0.86      2001
          1       0.92      0.91      0.92      2001
          2       0.87      0.73      0.79      2001
          3       0.77      0.72      0.75      2001
          4       0.90      0.91      0.90      2001
          5       0.77      0.58      0.66      2001
          6       0.91      0.95      0.93      2001
          7       0.86      0.82      0.84      2001
          8       0.50      0.95      0.65      2001
          9       0.84      0.52      0.64      2001

avg / total       0.82      0.79      0.79     20010

**************************************************
   Model: linsvc
Training: §mnist-gen-DGAN
 Testing: standard-mnist-test

             precision    recall  f1-score   support

          0       0.89      0.94      0.91       980
          1       0.84      0.98      0.90      1135
          2       0.88      0.73      0.80      1032
          3       0.75      0.83      0.78      1010
          4       0.84      0.81      0.83       982
          5       0.72      0.63      0.68       892
          6       0.87      0.92      0.90       958
          7       0.79      0.88      0.83      1028
          8       0.71      0.59      0.64       974
          9       0.75      0.71      0.73      1009

avg / total       0.81      0.81      0.80     10000

**************************************************
   Model: linsvc
Training: §mnist-gen-DGAN
 Testing: standard-mnist-all

             precision    recall  f1-score   support

          0       0.88      0.93      0.90      6903
          1       0.82      0.97      0.89      7877
          2       0.87      0.74      0.80      6990
          3       0.74      0.81      0.78      7141
          4       0.86      0.80      0.83      6824
          5       0.72      0.61      0.66      6313
          6       0.87      0.92      0.90      6876
          7       0.77      0.90      0.83      7293
          8       0.70      0.58      0.63      6825
          9       0.72      0.69      0.71      6958

avg / total       0.80      0.80      0.80     70000
