
**************************************************
   Model: cnet
Training: §mnist-gen-DGAN-train
 Testing: standard-mnist-train-crop[20000]

             precision    recall  f1-score   support

          0       0.95      0.96      0.96      1943
          1       0.94      0.98      0.96      2225
          2       0.95      0.87      0.91      2010
          3       0.79      0.92      0.85      2051
          4       0.96      0.89      0.92      1928
          5       0.87      0.82      0.85      1852
          6       0.94      0.95      0.94      1965
          7       0.93      0.95      0.94      2075
          8       0.90      0.79      0.84      1972
          9       0.84      0.91      0.87      1979

avg / total       0.91      0.91      0.91     20000

**************************************************
   Model: cnet
Training: §mnist-gen-DGAN-train
 Testing: standard-mnist-test

             precision    recall  f1-score   support

          0       0.95      0.98      0.96       980
          1       0.96      0.99      0.97      1135
          2       0.94      0.86      0.90      1032
          3       0.79      0.94      0.86      1010
          4       0.96      0.90      0.93       982
          5       0.90      0.83      0.86       892
          6       0.93      0.94      0.94       958
          7       0.93      0.93      0.93      1028
          8       0.90      0.80      0.84       974
          9       0.86      0.92      0.89      1009

avg / total       0.91      0.91      0.91     10000

**************************************************
   Model: cnet
Training: §mnist-gen-DGAN-train
 Testing: §mnist-gen-DGAN-test

             precision    recall  f1-score   support

          0       1.00      1.00      1.00       606
          1       1.00      1.00      1.00       576
          2       1.00      0.99      1.00       591
          3       0.98      1.00      0.99       579
          4       1.00      1.00      1.00       608
          5       0.99      0.99      0.99       582
          6       1.00      1.00      1.00       605
          7       1.00      1.00      1.00       632
          8       1.00      0.99      1.00       603
          9       1.00      1.00      1.00       621

avg / total       1.00      1.00      1.00      6003

**************************************************
   Model: cnet
Training: standard-mnist-train-crop[20000]
 Testing: standard-mnist-test

             precision    recall  f1-score   support

          0       0.97      1.00      0.98       980
          1       0.99      0.99      0.99      1135
          2       0.98      0.97      0.98      1032
          3       0.99      0.98      0.99      1010
          4       0.99      0.99      0.99       982
          5       0.99      0.99      0.99       892
          6       0.99      0.99      0.99       958
          7       0.98      0.98      0.98      1028
          8       0.98      0.97      0.98       974
          9       0.99      0.97      0.98      1009

avg / total       0.98      0.98      0.98     10000

**************************************************
   Model: cnet
Training: standard-mnist-train-crop[20000]
 Testing: §mnist-gen-DGAN-test

             precision    recall  f1-score   support

          0       1.00      1.00      1.00       606
          1       0.98      0.98      0.98       576
          2       0.96      0.98      0.97       591
          3       0.98      0.99      0.99       579
          4       0.98      1.00      0.99       608
          5       0.99      0.98      0.99       582
          6       1.00      1.00      1.00       605
          7       1.00      0.96      0.98       632
          8       1.00      1.00      1.00       603
          9       1.00      0.98      0.99       621

avg / total       0.99      0.99      0.99      6003

**************************************************
   Model: cnet
Training: standard-mnist-train-crop[20000]
 Testing: §mnist-gen-DGAN

             precision    recall  f1-score   support

          0       1.00      1.00      1.00      2001
          1       0.98      0.98      0.98      2001
          2       0.96      0.98      0.97      2001
          3       0.98      1.00      0.99      2001
          4       0.98      1.00      0.99      2001
          5       0.99      0.98      0.99      2001
          6       0.99      1.00      1.00      2001
          7       1.00      0.96      0.98      2001
          8       1.00      1.00      1.00      2001
          9       1.00      0.98      0.99      2001

avg / total       0.99      0.99      0.99     20010

**************************************************
   Model: cnet
Training: §mnist-gen-DGAN
 Testing: standard-mnist-test

             precision    recall  f1-score   support

          0       0.91      0.99      0.95       980
          1       0.95      0.99      0.97      1135
          2       0.96      0.85      0.91      1032
          3       0.88      0.89      0.89      1010
          4       0.96      0.89      0.93       982
          5       0.89      0.88      0.89       892
          6       0.94      0.96      0.95       958
          7       0.89      0.94      0.92      1028
          8       0.90      0.86      0.88       974
          9       0.89      0.91      0.90      1009

avg / total       0.92      0.92      0.92     10000

**************************************************
   Model: cnet
Training: §mnist-gen-DGAN
 Testing: standard-mnist-all

             precision    recall  f1-score   support

          0       0.92      0.98      0.95      6903
          1       0.94      0.99      0.96      7877
          2       0.95      0.84      0.89      6990
          3       0.88      0.89      0.88      7141
          4       0.96      0.88      0.92      6824
          5       0.89      0.86      0.88      6313
          6       0.93      0.96      0.94      6876
          7       0.89      0.95      0.92      7293
          8       0.90      0.84      0.87      6825
          9       0.86      0.91      0.88      6958

avg / total       0.91      0.91      0.91     70000
