
**************************************************
   Model: cnet
Training: §mnist-gen-DGAN-train
 Testing: standard-mnist-train-crop[20000]

             precision    recall  f1-score   support

          0       0.95      0.98      0.96      1950
          1       0.91      0.99      0.95      2232
          2       0.94      0.84      0.89      1995
          3       0.88      0.89      0.88      2040
          4       0.97      0.87      0.92      1966
          5       0.88      0.84      0.86      1753
          6       0.90      0.96      0.93      1982
          7       0.89      0.93      0.91      2121
          8       0.90      0.79      0.84      1919
          9       0.82      0.91      0.86      2042

avg / total       0.90      0.90      0.90     20000

**************************************************
   Model: cnet
Training: §mnist-gen-DGAN-train
 Testing: standard-mnist-test

             precision    recall  f1-score   support

          0       0.93      0.98      0.96       980
          1       0.94      0.99      0.96      1135
          2       0.94      0.85      0.89      1032
          3       0.89      0.89      0.89      1010
          4       0.96      0.86      0.91       982
          5       0.88      0.88      0.88       892
          6       0.93      0.95      0.94       958
          7       0.90      0.91      0.90      1028
          8       0.89      0.81      0.85       974
          9       0.81      0.91      0.86      1009

avg / total       0.91      0.91      0.91     10000

**************************************************
   Model: cnet
Training: §mnist-gen-DGAN-train
 Testing: §mnist-gen-DGAN-test

             precision    recall  f1-score   support

          0       1.00      1.00      1.00       569
          1       1.00      1.00      1.00       588
          2       1.00      1.00      1.00       581
          3       1.00      1.00      1.00       602
          4       1.00      1.00      1.00       622
          5       1.00      1.00      1.00       624
          6       1.00      1.00      1.00       594
          7       0.99      0.99      0.99       593
          8       1.00      1.00      1.00       614
          9       1.00      1.00      1.00       616

avg / total       1.00      1.00      1.00      6003

**************************************************
   Model: cnet
Training: standard-mnist-train-crop[20000]
 Testing: standard-mnist-test

             precision    recall  f1-score   support

          0       0.98      0.99      0.99       980
          1       0.99      0.99      0.99      1135
          2       0.98      0.99      0.98      1032
          3       0.99      0.99      0.99      1010
          4       0.99      0.98      0.99       982
          5       0.98      0.99      0.98       892
          6       0.99      0.98      0.99       958
          7       0.98      0.98      0.98      1028
          8       0.97      0.98      0.98       974
          9       0.98      0.97      0.98      1009

avg / total       0.98      0.98      0.98     10000

**************************************************
   Model: cnet
Training: standard-mnist-train-crop[20000]
 Testing: §mnist-gen-DGAN-test

             precision    recall  f1-score   support

          0       1.00      0.99      1.00       569
          1       0.98      0.97      0.98       588
          2       0.96      0.98      0.97       581
          3       0.97      1.00      0.98       602
          4       1.00      1.00      1.00       622
          5       1.00      0.98      0.99       624
          6       1.00      1.00      1.00       594
          7       1.00      0.97      0.98       593
          8       0.98      1.00      0.99       614
          9       0.99      0.98      0.99       616

avg / total       0.99      0.99      0.99      6003

**************************************************
   Model: cnet
Training: standard-mnist-train-crop[20000]
 Testing: §mnist-gen-DGAN

             precision    recall  f1-score   support

          0       1.00      1.00      1.00      2001
          1       0.98      0.98      0.98      2001
          2       0.97      0.98      0.98      2001
          3       0.97      1.00      0.98      2001
          4       0.99      1.00      1.00      2001
          5       1.00      0.98      0.99      2001
          6       1.00      1.00      1.00      2001
          7       1.00      0.97      0.99      2001
          8       0.98      1.00      0.99      2001
          9       0.99      0.98      0.99      2001

avg / total       0.99      0.99      0.99     20010

**************************************************
   Model: cnet
Training: §mnist-gen-DGAN
 Testing: standard-mnist-test

             precision    recall  f1-score   support

          0       0.92      0.99      0.95       980
          1       0.95      0.99      0.97      1135
          2       0.96      0.82      0.88      1032
          3       0.88      0.90      0.89      1010
          4       0.96      0.89      0.92       982
          5       0.89      0.91      0.90       892
          6       0.93      0.96      0.95       958
          7       0.89      0.94      0.91      1028
          8       0.90      0.84      0.87       974
          9       0.87      0.91      0.89      1009

avg / total       0.92      0.91      0.91     10000

**************************************************
   Model: cnet
Training: §mnist-gen-DGAN
 Testing: standard-mnist-all

             precision    recall  f1-score   support

          0       0.92      0.98      0.95      6903
          1       0.93      0.99      0.96      7877
          2       0.96      0.81      0.88      6990
          3       0.88      0.90      0.89      7141
          4       0.96      0.88      0.92      6824
          5       0.88      0.90      0.89      6313
          6       0.92      0.96      0.94      6876
          7       0.88      0.95      0.91      7293
          8       0.91      0.83      0.87      6825
          9       0.85      0.90      0.87      6958

avg / total       0.91      0.91      0.91     70000
