
**************************************************
   Model: cnet
Training: §mnist-gen-DGAN-train
 Testing: standard-mnist-train-crop[20000]

             precision    recall  f1-score   support

          0       0.95      0.99      0.97      1916
          1       0.95      0.98      0.96      2283
          2       0.94      0.85      0.90      1960
          3       0.88      0.91      0.90      1992
          4       0.91      0.94      0.93      1917
          5       0.92      0.85      0.88      1847
          6       0.94      0.96      0.95      2039
          7       0.91      0.95      0.93      2128
          8       0.90      0.84      0.87      1917
          9       0.89      0.92      0.90      2001

avg / total       0.92      0.92      0.92     20000

**************************************************
   Model: cnet
Training: §mnist-gen-DGAN-train
 Testing: standard-mnist-test

             precision    recall  f1-score   support

          0       0.93      0.99      0.96       980
          1       0.97      0.99      0.98      1135
          2       0.97      0.85      0.90      1032
          3       0.90      0.95      0.92      1010
          4       0.92      0.95      0.93       982
          5       0.93      0.88      0.90       892
          6       0.93      0.96      0.95       958
          7       0.92      0.95      0.93      1028
          8       0.92      0.85      0.88       974
          9       0.90      0.92      0.91      1009

avg / total       0.93      0.93      0.93     10000

**************************************************
   Model: cnet
Training: §mnist-gen-DGAN-train
 Testing: §mnist-gen-DGAN-test

             precision    recall  f1-score   support

          0       1.00      1.00      1.00       598
          1       1.00      1.00      1.00       605
          2       1.00      1.00      1.00       577
          3       1.00      1.00      1.00       604
          4       0.99      1.00      0.99       630
          5       1.00      1.00      1.00       565
          6       1.00      1.00      1.00       612
          7       1.00      0.99      0.99       601
          8       0.99      1.00      1.00       592
          9       1.00      1.00      1.00       619

avg / total       1.00      1.00      1.00      6003

**************************************************
   Model: cnet
Training: standard-mnist-train-crop[20000]
 Testing: standard-mnist-test

             precision    recall  f1-score   support

          0       0.98      0.99      0.98       980
          1       0.99      0.99      0.99      1135
          2       0.98      0.97      0.98      1032
          3       0.99      0.98      0.99      1010
          4       0.98      0.99      0.99       982
          5       0.99      0.99      0.99       892
          6       0.99      0.98      0.99       958
          7       0.98      0.98      0.98      1028
          8       0.98      0.98      0.98       974
          9       0.99      0.98      0.98      1009

avg / total       0.98      0.98      0.98     10000

**************************************************
   Model: cnet
Training: standard-mnist-train-crop[20000]
 Testing: §mnist-gen-DGAN-test

             precision    recall  f1-score   support

          0       1.00      1.00      1.00       598
          1       1.00      1.00      1.00       605
          2       0.99      1.00      1.00       577
          3       0.99      0.99      0.99       604
          4       1.00      1.00      1.00       630
          5       0.99      1.00      0.99       565
          6       1.00      1.00      1.00       612
          7       0.98      0.97      0.98       601
          8       1.00      1.00      1.00       592
          9       0.99      0.99      0.99       619

avg / total       0.99      0.99      0.99      6003

**************************************************
   Model: cnet
Training: standard-mnist-train-crop[20000]
 Testing: §mnist-gen-DGAN

             precision    recall  f1-score   support

          0       1.00      1.00      1.00      2001
          1       0.99      1.00      0.99      2001
          2       0.99      1.00      1.00      2001
          3       0.99      0.99      0.99      2001
          4       1.00      0.99      1.00      2001
          5       0.99      1.00      0.99      2001
          6       1.00      1.00      1.00      2001
          7       0.99      0.98      0.98      2001
          8       1.00      1.00      1.00      2001
          9       0.99      0.99      0.99      2001

avg / total       0.99      0.99      0.99     20010

**************************************************
   Model: cnet
Training: §mnist-gen-DGAN
 Testing: standard-mnist-test

             precision    recall  f1-score   support

          0       0.96      0.99      0.97       980
          1       0.97      0.99      0.98      1135
          2       0.96      0.87      0.91      1032
          3       0.95      0.90      0.92      1010
          4       0.94      0.97      0.95       982
          5       0.87      0.93      0.90       892
          6       0.94      0.97      0.96       958
          7       0.90      0.97      0.93      1028
          8       0.91      0.83      0.87       974
          9       0.94      0.92      0.93      1009

avg / total       0.93      0.93      0.93     10000

**************************************************
   Model: cnet
Training: §mnist-gen-DGAN
 Testing: standard-mnist-all

             precision    recall  f1-score   support

          0       0.96      0.98      0.97      6903
          1       0.96      0.98      0.97      7877
          2       0.95      0.87      0.91      6990
          3       0.94      0.90      0.92      7141
          4       0.93      0.96      0.94      6824
          5       0.86      0.91      0.89      6313
          6       0.94      0.97      0.95      6876
          7       0.90      0.97      0.93      7293
          8       0.91      0.80      0.85      6825
          9       0.92      0.92      0.92      6958

avg / total       0.93      0.93      0.93     70000

**************************************************
   Model: cnet
Training: §mnist-gen-DGAN-train
 Testing: standard-mnist-train-crop[20000]

             precision    recall  f1-score   support

          0       0.94      0.96      0.95      1952
          1       0.94      0.97      0.96      2285
          2       0.93      0.74      0.83      1990
          3       0.87      0.89      0.88      2033
          4       0.90      0.92      0.91      1957
          5       0.88      0.81      0.84      1781
          6       0.90      0.95      0.93      1998
          7       0.89      0.95      0.91      2075
          8       0.82      0.83      0.83      1929
          9       0.87      0.90      0.88      2000

avg / total       0.90      0.89      0.89     20000

**************************************************
   Model: cnet
Training: §mnist-gen-DGAN-train
 Testing: standard-mnist-test

             precision    recall  f1-score   support

          0       0.93      0.97      0.95       980
          1       0.95      0.98      0.97      1135
          2       0.96      0.76      0.85      1032
          3       0.87      0.89      0.88      1010
          4       0.89      0.94      0.91       982
          5       0.88      0.84      0.86       892
          6       0.93      0.95      0.94       958
          7       0.88      0.94      0.91      1028
          8       0.83      0.84      0.84       974
          9       0.88      0.90      0.89      1009

avg / total       0.90      0.90      0.90     10000

**************************************************
   Model: cnet
Training: §mnist-gen-DGAN-train
 Testing: §mnist-gen-DGAN-test

             precision    recall  f1-score   support

          0       1.00      1.00      1.00       578
          1       0.99      1.00      1.00       582
          2       1.00      0.99      0.99       644
          3       0.99      1.00      0.99       596
          4       0.99      1.00      0.99       585
          5       1.00      0.99      0.99       609
          6       1.00      1.00      1.00       601
          7       1.00      0.99      0.99       639
          8       0.99      1.00      0.99       567
          9       0.99      1.00      0.99       602

avg / total       0.99      0.99      0.99      6003

**************************************************
   Model: cnet
Training: standard-mnist-train-crop[20000]
 Testing: standard-mnist-test

             precision    recall  f1-score   support

          0       0.97      0.99      0.98       980
          1       0.99      0.99      0.99      1135
          2       0.97      0.97      0.97      1032
          3       0.97      0.98      0.98      1010
          4       0.99      0.96      0.97       982
          5       0.97      0.98      0.97       892
          6       0.98      0.97      0.98       958
          7       0.98      0.96      0.97      1028
          8       0.97      0.96      0.97       974
          9       0.96      0.96      0.96      1009

avg / total       0.97      0.97      0.97     10000

**************************************************
   Model: cnet
Training: standard-mnist-train-crop[20000]
 Testing: §mnist-gen-DGAN-test

             precision    recall  f1-score   support

          0       0.99      0.99      0.99       578
          1       0.98      0.98      0.98       582
          2       0.98      0.98      0.98       644
          3       0.96      0.99      0.97       596
          4       0.99      0.97      0.98       585
          5       0.97      1.00      0.98       609
          6       0.99      0.99      0.99       601
          7       0.99      0.97      0.98       639
          8       0.99      0.99      0.99       567
          9       0.98      0.97      0.98       602

avg / total       0.98      0.98      0.98      6003

**************************************************
   Model: cnet
Training: standard-mnist-train-crop[20000]
 Testing: §mnist-gen-DGAN

             precision    recall  f1-score   support

          0       0.99      0.98      0.99      2001
          1       0.99      0.99      0.99      2001
          2       0.97      0.98      0.98      2001
          3       0.96      0.98      0.97      2001
          4       1.00      0.97      0.98      2001
          5       0.96      1.00      0.98      2001
          6       0.99      1.00      0.99      2001
          7       0.99      0.96      0.97      2001
          8       0.99      0.99      0.99      2001
          9       0.97      0.97      0.97      2001

avg / total       0.98      0.98      0.98     20010

**************************************************
   Model: cnet
Training: §mnist-gen-DGAN
 Testing: standard-mnist-test

             precision    recall  f1-score   support

          0       0.93      0.98      0.95       980
          1       0.95      0.99      0.97      1135
          2       0.92      0.83      0.87      1032
          3       0.88      0.90      0.89      1010
          4       0.93      0.92      0.93       982
          5       0.90      0.86      0.88       892
          6       0.92      0.95      0.93       958
          7       0.89      0.95      0.92      1028
          8       0.87      0.82      0.85       974
          9       0.91      0.89      0.90      1009

avg / total       0.91      0.91      0.91     10000

**************************************************
   Model: cnet
Training: §mnist-gen-DGAN
 Testing: standard-mnist-all

             precision    recall  f1-score   support

          0       0.93      0.98      0.95      6903
          1       0.95      0.98      0.96      7877
          2       0.93      0.84      0.88      6990
          3       0.88      0.89      0.88      7141
          4       0.94      0.92      0.93      6824
          5       0.89      0.84      0.86      6313
          6       0.92      0.96      0.94      6876
          7       0.89      0.95      0.92      7293
          8       0.86      0.81      0.83      6825
          9       0.90      0.88      0.89      6958

avg / total       0.91      0.91      0.91     70000
