
**************************************************
   Model: cnet
Training: §mnist-gen-DGAN-train
 Testing: standard-mnist-train-crop[20000]

             precision    recall  f1-score   support

          0       0.75      0.92      0.82      1985
          1       0.75      0.98      0.85      2238
          2       0.88      0.65      0.74      1889
          3       0.82      0.75      0.78      2068
          4       0.75      0.72      0.73      1956
          5       0.82      0.55      0.65      1842
          6       0.70      0.94      0.80      1954
          7       0.86      0.77      0.81      2106
          8       0.78      0.67      0.72      1975
          9       0.67      0.70      0.68      1987

avg / total       0.78      0.77      0.76     20000

**************************************************
   Model: cnet
Training: §mnist-gen-DGAN-train
 Testing: standard-mnist-test

             precision    recall  f1-score   support

          0       0.76      0.94      0.84       980
          1       0.76      0.98      0.86      1135
          2       0.89      0.63      0.74      1032
          3       0.82      0.75      0.78      1010
          4       0.78      0.72      0.75       982
          5       0.79      0.57      0.66       892
          6       0.69      0.94      0.80       958
          7       0.86      0.77      0.81      1028
          8       0.78      0.66      0.72       974
          9       0.70      0.74      0.72      1009

avg / total       0.78      0.77      0.77     10000

**************************************************
   Model: cnet
Training: §mnist-gen-DGAN-train
 Testing: §mnist-gen-DGAN-test

             precision    recall  f1-score   support

          0       1.00      1.00      1.00       631
          1       1.00      1.00      1.00       541
          2       1.00      1.00      1.00       619
          3       1.00      1.00      1.00       583
          4       1.00      1.00      1.00       623
          5       1.00      1.00      1.00       621
          6       1.00      1.00      1.00       619
          7       1.00      1.00      1.00       602
          8       1.00      1.00      1.00       572
          9       1.00      1.00      1.00       592

avg / total       1.00      1.00      1.00      6003

**************************************************
   Model: cnet
Training: standard-mnist-train-crop[20000]
 Testing: standard-mnist-test

             precision    recall  f1-score   support

          0       0.98      1.00      0.99       980
          1       0.99      0.99      0.99      1135
          2       0.98      0.99      0.98      1032
          3       0.99      0.98      0.99      1010
          4       0.99      0.99      0.99       982
          5       0.97      0.99      0.98       892
          6       0.99      0.98      0.98       958
          7       0.98      0.98      0.98      1028
          8       0.98      0.98      0.98       974
          9       0.99      0.96      0.97      1009

avg / total       0.98      0.98      0.98     10000

**************************************************
   Model: cnet
Training: standard-mnist-train-crop[20000]
 Testing: §mnist-gen-DGAN-test

             precision    recall  f1-score   support

          0       1.00      1.00      1.00       631
          1       0.88      1.00      0.93       541
          2       1.00      1.00      1.00       619
          3       0.99      1.00      1.00       583
          4       0.78      1.00      0.88       623
          5       0.90      1.00      0.95       621
          6       1.00      1.00      1.00       619
          7       1.00      1.00      1.00       602
          8       1.00      0.74      0.85       572
          9       1.00      0.69      0.82       592

avg / total       0.95      0.94      0.94      6003

**************************************************
   Model: cnet
Training: standard-mnist-train-crop[20000]
 Testing: §mnist-gen-DGAN

             precision    recall  f1-score   support

          0       1.00      0.99      0.99      2001
          1       0.89      1.00      0.94      2001
          2       1.00      1.00      1.00      2001
          3       0.99      1.00      0.99      2001
          4       0.78      1.00      0.88      2001
          5       0.87      1.00      0.93      2001
          6       0.99      1.00      0.99      2001
          7       1.00      1.00      1.00      2001
          8       1.00      0.73      0.84      2001
          9       1.00      0.71      0.83      2001

avg / total       0.95      0.94      0.94     20010

**************************************************
   Model: cnet
Training: §mnist-gen-DGAN
 Testing: standard-mnist-test

             precision    recall  f1-score   support

          0       0.73      0.95      0.83       980
          1       0.78      0.98      0.86      1135
          2       0.78      0.63      0.70      1032
          3       0.81      0.74      0.78      1010
          4       0.82      0.70      0.76       982
          5       0.75      0.63      0.68       892
          6       0.78      0.92      0.84       958
          7       0.86      0.70      0.77      1028
          8       0.77      0.65      0.70       974
          9       0.68      0.79      0.73      1009

avg / total       0.78      0.77      0.77     10000

**************************************************
   Model: cnet
Training: §mnist-gen-DGAN
 Testing: standard-mnist-all

             precision    recall  f1-score   support

          0       0.72      0.94      0.82      6903
          1       0.76      0.97      0.85      7877
          2       0.77      0.66      0.71      6990
          3       0.81      0.74      0.77      7141
          4       0.84      0.68      0.75      6824
          5       0.77      0.61      0.68      6313
          6       0.78      0.90      0.84      6876
          7       0.86      0.69      0.77      7293
          8       0.77      0.66      0.71      6825
          9       0.65      0.78      0.71      6958

avg / total       0.77      0.77      0.76     70000
