
**************************************************
   Model: cnet
Training: §mnist-gen-DGAN-train
 Testing: standard-mnist-train-crop[20000]

             precision    recall  f1-score   support

          0       0.94      0.98      0.96      1946
          1       0.89      0.99      0.93      2230
          2       0.94      0.81      0.87      2023
          3       0.90      0.84      0.87      2054
          4       0.94      0.91      0.93      1960
          5       0.80      0.88      0.84      1816
          6       0.91      0.96      0.93      1929
          7       0.88      0.94      0.91      2070
          8       0.92      0.75      0.82      1954
          9       0.83      0.89      0.86      2018

avg / total       0.90      0.89      0.89     20000

**************************************************
   Model: cnet
Training: §mnist-gen-DGAN-train
 Testing: standard-mnist-test

             precision    recall  f1-score   support

          0       0.93      0.98      0.96       980
          1       0.91      0.99      0.95      1135
          2       0.93      0.81      0.87      1032
          3       0.91      0.84      0.87      1010
          4       0.94      0.91      0.92       982
          5       0.81      0.91      0.86       892
          6       0.91      0.96      0.94       958
          7       0.88      0.93      0.90      1028
          8       0.91      0.78      0.84       974
          9       0.86      0.90      0.88      1009

avg / total       0.90      0.90      0.90     10000

**************************************************
   Model: cnet
Training: §mnist-gen-DGAN-train
 Testing: §mnist-gen-DGAN-test

             precision    recall  f1-score   support

          0       1.00      1.00      1.00       603
          1       1.00      1.00      1.00       578
          2       1.00      1.00      1.00       616
          3       1.00      0.99      1.00       589
          4       1.00      1.00      1.00       603
          5       1.00      1.00      1.00       623
          6       1.00      1.00      1.00       625
          7       0.99      1.00      1.00       604
          8       1.00      0.99      1.00       582
          9       1.00      1.00      1.00       580

avg / total       1.00      1.00      1.00      6003

**************************************************
   Model: cnet
Training: standard-mnist-train-crop[20000]
 Testing: standard-mnist-test

             precision    recall  f1-score   support

          0       0.97      0.99      0.98       980
          1       1.00      0.99      0.99      1135
          2       0.98      0.98      0.98      1032
          3       0.99      0.99      0.99      1010
          4       0.99      0.98      0.98       982
          5       0.98      0.99      0.99       892
          6       0.99      0.97      0.98       958
          7       0.98      0.98      0.98      1028
          8       0.98      0.98      0.98       974
          9       0.98      0.98      0.98      1009

avg / total       0.98      0.98      0.98     10000

**************************************************
   Model: cnet
Training: standard-mnist-train-crop[20000]
 Testing: §mnist-gen-DGAN-test

             precision    recall  f1-score   support

          0       1.00      1.00      1.00       603
          1       0.99      0.98      0.99       578
          2       0.97      0.98      0.97       616
          3       0.96      1.00      0.98       589
          4       1.00      1.00      1.00       603
          5       0.99      0.99      0.99       623
          6       1.00      1.00      1.00       625
          7       1.00      0.97      0.98       604
          8       0.99      1.00      1.00       582
          9       0.99      0.97      0.98       580

avg / total       0.99      0.99      0.99      6003

**************************************************
   Model: cnet
Training: standard-mnist-train-crop[20000]
 Testing: §mnist-gen-DGAN

             precision    recall  f1-score   support

          0       1.00      1.00      1.00      2001
          1       0.98      0.98      0.98      2001
          2       0.97      0.98      0.97      2001
          3       0.96      1.00      0.98      2001
          4       0.99      1.00      1.00      2001
          5       0.99      0.99      0.99      2001
          6       1.00      1.00      1.00      2001
          7       1.00      0.97      0.98      2001
          8       0.99      1.00      0.99      2001
          9       0.99      0.97      0.98      2001

avg / total       0.99      0.99      0.99     20010

**************************************************
   Model: cnet
Training: §mnist-gen-DGAN
 Testing: standard-mnist-test

             precision    recall  f1-score   support

          0       0.93      0.98      0.95       980
          1       0.94      0.99      0.96      1135
          2       0.94      0.84      0.89      1032
          3       0.90      0.89      0.90      1010
          4       0.95      0.90      0.92       982
          5       0.91      0.86      0.88       892
          6       0.93      0.97      0.95       958
          7       0.90      0.95      0.92      1028
          8       0.87      0.87      0.87       974
          9       0.88      0.89      0.88      1009

avg / total       0.92      0.91      0.91     10000

**************************************************
   Model: cnet
Training: §mnist-gen-DGAN
 Testing: standard-mnist-all

             precision    recall  f1-score   support

          0       0.93      0.98      0.96      6903
          1       0.93      0.99      0.96      7877
          2       0.94      0.84      0.89      6990
          3       0.90      0.89      0.90      7141
          4       0.95      0.90      0.92      6824
          5       0.90      0.87      0.88      6313
          6       0.93      0.97      0.94      6876
          7       0.89      0.95      0.92      7293
          8       0.88      0.85      0.86      6825
          9       0.87      0.89      0.88      6958

avg / total       0.91      0.91      0.91     70000
