
**************************************************
   Model: cnet
Training: §mnist-gen-DGAN-train
 Testing: standard-mnist-train-crop[20000]

             precision    recall  f1-score   support

          0       0.86      0.94      0.90      1974
          1       0.77      0.99      0.87      2259
          2       0.85      0.73      0.79      2040
          3       0.71      0.83      0.76      2036
          4       0.84      0.77      0.80      1861
          5       0.85      0.62      0.72      1844
          6       0.90      0.82      0.85      2061
          7       0.72      0.88      0.79      2058
          8       0.78      0.59      0.68      1932
          9       0.76      0.74      0.75      1935

avg / total       0.80      0.80      0.79     20000

**************************************************
   Model: cnet
Training: §mnist-gen-DGAN-train
 Testing: standard-mnist-test

             precision    recall  f1-score   support

          0       0.84      0.96      0.90       980
          1       0.81      0.99      0.89      1135
          2       0.87      0.73      0.80      1032
          3       0.73      0.85      0.78      1010
          4       0.86      0.79      0.82       982
          5       0.85      0.62      0.72       892
          6       0.88      0.82      0.85       958
          7       0.72      0.87      0.79      1028
          8       0.82      0.63      0.71       974
          9       0.78      0.75      0.76      1009

avg / total       0.81      0.81      0.80     10000

**************************************************
   Model: cnet
Training: §mnist-gen-DGAN-train
 Testing: §mnist-gen-DGAN-test

             precision    recall  f1-score   support

          0       1.00      1.00      1.00       593
          1       1.00      1.00      1.00       611
          2       1.00      1.00      1.00       603
          3       1.00      1.00      1.00       566
          4       1.00      1.00      1.00       602
          5       1.00      1.00      1.00       624
          6       1.00      1.00      1.00       558
          7       1.00      1.00      1.00       637
          8       1.00      1.00      1.00       609
          9       1.00      1.00      1.00       600

avg / total       1.00      1.00      1.00      6003

**************************************************
   Model: cnet
Training: standard-mnist-train-crop[20000]
 Testing: standard-mnist-test

             precision    recall  f1-score   support

          0       0.98      0.99      0.99       980
          1       0.99      1.00      0.99      1135
          2       0.97      0.98      0.98      1032
          3       0.98      0.98      0.98      1010
          4       0.99      0.98      0.98       982
          5       0.99      0.98      0.99       892
          6       0.99      0.99      0.99       958
          7       0.98      0.98      0.98      1028
          8       0.97      0.98      0.98       974
          9       0.98      0.97      0.98      1009

avg / total       0.98      0.98      0.98     10000

**************************************************
   Model: cnet
Training: standard-mnist-train-crop[20000]
 Testing: §mnist-gen-DGAN-test

             precision    recall  f1-score   support

          0       1.00      1.00      1.00       593
          1       0.92      0.99      0.95       611
          2       0.99      0.96      0.97       603
          3       0.95      0.99      0.97       566
          4       1.00      1.00      1.00       602
          5       1.00      1.00      1.00       624
          6       1.00      1.00      1.00       558
          7       0.91      0.91      0.91       637
          8       1.00      1.00      1.00       609
          9       1.00      0.90      0.95       600

avg / total       0.98      0.98      0.98      6003

**************************************************
   Model: cnet
Training: standard-mnist-train-crop[20000]
 Testing: §mnist-gen-DGAN

             precision    recall  f1-score   support

          0       1.00      1.00      1.00      2001
          1       0.92      1.00      0.96      2001
          2       0.99      0.97      0.98      2001
          3       0.96      1.00      0.98      2001
          4       1.00      1.00      1.00      2001
          5       1.00      1.00      1.00      2001
          6       1.00      1.00      1.00      2001
          7       0.90      0.91      0.91      2001
          8       1.00      1.00      1.00      2001
          9       1.00      0.90      0.95      2001

avg / total       0.98      0.98      0.98     20010

**************************************************
   Model: cnet
Training: §mnist-gen-DGAN
 Testing: standard-mnist-test

             precision    recall  f1-score   support

          0       0.79      0.98      0.87       980
          1       0.85      0.99      0.92      1135
          2       0.84      0.79      0.82      1032
          3       0.76      0.84      0.80      1010
          4       0.86      0.88      0.87       982
          5       0.87      0.66      0.75       892
          6       0.89      0.85      0.87       958
          7       0.86      0.86      0.86      1028
          8       0.83      0.61      0.71       974
          9       0.80      0.80      0.80      1009

avg / total       0.83      0.83      0.83     10000

**************************************************
   Model: cnet
Training: §mnist-gen-DGAN
 Testing: standard-mnist-all

             precision    recall  f1-score   support

          0       0.80      0.97      0.88      6903
          1       0.81      0.99      0.89      7877
          2       0.82      0.78      0.80      6990
          3       0.76      0.83      0.80      7141
          4       0.86      0.86      0.86      6824
          5       0.87      0.67      0.76      6313
          6       0.89      0.86      0.87      6876
          7       0.87      0.86      0.86      7293
          8       0.83      0.60      0.70      6825
          9       0.78      0.79      0.79      6958

avg / total       0.83      0.83      0.82     70000

**************************************************
   Model: cnet
Training: §mnist-gen-DGAN-train
 Testing: standard-mnist-train-crop[20000]

             precision    recall  f1-score   support

          0       0.86      0.91      0.89      1983
          1       0.81      0.98      0.89      2232
          2       0.78      0.68      0.73      1996
          3       0.69      0.77      0.73      2088
          4       0.80      0.76      0.78      1966
          5       0.71      0.64      0.68      1819
          6       0.80      0.90      0.85      1910
          7       0.81      0.83      0.82      2064
          8       0.78      0.48      0.60      1950
          9       0.71      0.75      0.73      1992

avg / total       0.78      0.78      0.77     20000

**************************************************
   Model: cnet
Training: §mnist-gen-DGAN-train
 Testing: standard-mnist-test

             precision    recall  f1-score   support

          0       0.85      0.92      0.89       980
          1       0.84      0.99      0.91      1135
          2       0.82      0.67      0.74      1032
          3       0.70      0.81      0.75      1010
          4       0.81      0.78      0.79       982
          5       0.73      0.68      0.71       892
          6       0.79      0.88      0.83       958
          7       0.80      0.82      0.81      1028
          8       0.82      0.51      0.63       974
          9       0.72      0.77      0.74      1009

avg / total       0.79      0.79      0.78     10000

**************************************************
   Model: cnet
Training: §mnist-gen-DGAN-train
 Testing: §mnist-gen-DGAN-test

             precision    recall  f1-score   support

          0       1.00      1.00      1.00       596
          1       1.00      1.00      1.00       624
          2       1.00      1.00      1.00       606
          3       1.00      1.00      1.00       610
          4       0.99      1.00      1.00       593
          5       1.00      1.00      1.00       602
          6       1.00      1.00      1.00       603
          7       1.00      1.00      1.00       575
          8       1.00      1.00      1.00       606
          9       1.00      1.00      1.00       588

avg / total       1.00      1.00      1.00      6003

**************************************************
   Model: cnet
Training: standard-mnist-train-crop[20000]
 Testing: standard-mnist-test

             precision    recall  f1-score   support

          0       0.97      0.99      0.98       980
          1       0.99      0.99      0.99      1135
          2       0.98      0.97      0.97      1032
          3       0.98      0.97      0.98      1010
          4       0.98      0.98      0.98       982
          5       0.96      0.98      0.97       892
          6       0.99      0.97      0.98       958
          7       0.96      0.97      0.97      1028
          8       0.97      0.97      0.97       974
          9       0.98      0.96      0.97      1009

avg / total       0.97      0.97      0.97     10000

**************************************************
   Model: cnet
Training: standard-mnist-train-crop[20000]
 Testing: §mnist-gen-DGAN-test

             precision    recall  f1-score   support

          0       0.96      1.00      0.98       596
          1       0.94      0.99      0.96       624
          2       0.98      0.96      0.97       606
          3       0.90      0.98      0.94       610
          4       0.98      1.00      0.99       593
          5       0.98      1.00      0.99       602
          6       0.99      0.94      0.97       603
          7       0.80      0.93      0.86       575
          8       1.00      0.93      0.96       606
          9       1.00      0.78      0.88       588

avg / total       0.95      0.95      0.95      6003

**************************************************
   Model: cnet
Training: standard-mnist-train-crop[20000]
 Testing: §mnist-gen-DGAN

             precision    recall  f1-score   support

          0       0.95      1.00      0.97      2001
          1       0.94      0.99      0.97      2001
          2       0.98      0.96      0.97      2001
          3       0.90      0.98      0.94      2001
          4       0.97      1.00      0.99      2001
          5       0.99      1.00      0.99      2001
          6       0.99      0.92      0.96      2001
          7       0.80      0.93      0.86      2001
          8       0.98      0.93      0.96      2001
          9       1.00      0.77      0.87      2001

avg / total       0.95      0.95      0.95     20010

**************************************************
   Model: cnet
Training: §mnist-gen-DGAN
 Testing: standard-mnist-test

             precision    recall  f1-score   support

          0       0.83      0.95      0.88       980
          1       0.83      0.99      0.90      1135
          2       0.82      0.65      0.73      1032
          3       0.69      0.83      0.75      1010
          4       0.83      0.78      0.81       982
          5       0.82      0.63      0.71       892
          6       0.87      0.80      0.84       958
          7       0.75      0.85      0.80      1028
          8       0.73      0.58      0.64       974
          9       0.72      0.76      0.74      1009

avg / total       0.79      0.79      0.78     10000

**************************************************
   Model: cnet
Training: §mnist-gen-DGAN
 Testing: standard-mnist-all

             precision    recall  f1-score   support

          0       0.85      0.94      0.89      6903
          1       0.81      0.98      0.89      7877
          2       0.80      0.67      0.73      6990
          3       0.69      0.81      0.74      7141
          4       0.81      0.79      0.80      6824
          5       0.81      0.63      0.71      6313
          6       0.88      0.82      0.85      6876
          7       0.77      0.84      0.80      7293
          8       0.75      0.60      0.67      6825
          9       0.71      0.74      0.72      6958

avg / total       0.79      0.79      0.78     70000
