
**************************************************
   Model: linsvc
Training: §mnist-gen-DGAN-train
 Testing: standard-mnist-train-crop[20000]

             precision    recall  f1-score   support

          0       0.87      0.93      0.90      1974
          1       0.80      0.97      0.88      2260
          2       0.88      0.72      0.80      2055
          3       0.73      0.80      0.76      2108
          4       0.88      0.78      0.82      1883
          5       0.72      0.55      0.62      1869
          6       0.88      0.92      0.90      1982
          7       0.74      0.90      0.81      2054
          8       0.66      0.56      0.60      1827
          9       0.70      0.68      0.69      1988

avg / total       0.79      0.79      0.78     20000

**************************************************
   Model: linsvc
Training: §mnist-gen-DGAN-train
 Testing: standard-mnist-test

             precision    recall  f1-score   support

          0       0.87      0.92      0.89       980
          1       0.82      0.98      0.89      1135
          2       0.90      0.71      0.79      1032
          3       0.72      0.81      0.77      1010
          4       0.85      0.79      0.82       982
          5       0.70      0.61      0.66       892
          6       0.87      0.92      0.90       958
          7       0.77      0.88      0.82      1028
          8       0.68      0.56      0.61       974
          9       0.72      0.70      0.71      1009

avg / total       0.79      0.79      0.79     10000

**************************************************
   Model: linsvc
Training: §mnist-gen-DGAN-train
 Testing: §mnist-gen-DGAN-test

             precision    recall  f1-score   support

          0       1.00      1.00      1.00       610
          1       1.00      1.00      1.00       577
          2       1.00      0.99      1.00       590
          3       1.00      1.00      1.00       605
          4       1.00      1.00      1.00       632
          5       1.00      0.99      0.99       603
          6       1.00      1.00      1.00       589
          7       0.99      0.99      0.99       616
          8       0.99      1.00      0.99       564
          9       0.99      0.99      0.99       617

avg / total       1.00      1.00      1.00      6003

**************************************************
   Model: linsvc
Training: standard-mnist-train-crop[20000]
 Testing: standard-mnist-test

             precision    recall  f1-score   support

          0       0.92      0.94      0.93       980
          1       0.94      0.96      0.95      1135
          2       0.91      0.85      0.88      1032
          3       0.85      0.90      0.87      1010
          4       0.79      0.95      0.86       982
          5       0.85      0.79      0.82       892
          6       0.90      0.94      0.92       958
          7       0.91      0.86      0.89      1028
          8       0.85      0.72      0.78       974
          9       0.85      0.84      0.84      1009

avg / total       0.88      0.88      0.88     10000

**************************************************
   Model: linsvc
Training: standard-mnist-train-crop[20000]
 Testing: §mnist-gen-DGAN-test

             precision    recall  f1-score   support

          0       0.84      0.93      0.88       610
          1       0.90      0.93      0.92       577
          2       0.76      0.77      0.77       590
          3       0.80      0.86      0.83       605
          4       0.72      0.93      0.81       632
          5       0.78      0.54      0.64       603
          6       0.95      0.98      0.97       589
          7       0.95      0.86      0.90       616
          8       0.82      0.79      0.81       564
          9       0.93      0.83      0.88       617

avg / total       0.85      0.84      0.84      6003

**************************************************
   Model: linsvc
Training: standard-mnist-train-crop[20000]
 Testing: §mnist-gen-DGAN

             precision    recall  f1-score   support

          0       0.83      0.93      0.88      2001
          1       0.91      0.93      0.92      2001
          2       0.78      0.81      0.79      2001
          3       0.80      0.86      0.83      2001
          4       0.73      0.93      0.82      2001
          5       0.76      0.51      0.61      2001
          6       0.94      0.98      0.96      2001
          7       0.95      0.85      0.90      2001
          8       0.81      0.80      0.80      2001
          9       0.93      0.81      0.87      2001

avg / total       0.84      0.84      0.84     20010

**************************************************
   Model: linsvc
Training: §mnist-gen-DGAN
 Testing: standard-mnist-test

             precision    recall  f1-score   support

          0       0.89      0.94      0.91       980
          1       0.84      0.98      0.91      1135
          2       0.88      0.73      0.80      1032
          3       0.74      0.83      0.78      1010
          4       0.84      0.81      0.82       982
          5       0.72      0.64      0.68       892
          6       0.87      0.92      0.90       958
          7       0.79      0.89      0.83      1028
          8       0.71      0.59      0.65       974
          9       0.75      0.72      0.73      1009

avg / total       0.81      0.81      0.80     10000

**************************************************
   Model: linsvc
Training: §mnist-gen-DGAN
 Testing: standard-mnist-all

             precision    recall  f1-score   support

          0       0.88      0.93      0.90      6903
          1       0.82      0.97      0.89      7877
          2       0.87      0.74      0.80      6990
          3       0.74      0.82      0.78      7141
          4       0.86      0.80      0.83      6824
          5       0.72      0.61      0.66      6313
          6       0.87      0.93      0.90      6876
          7       0.78      0.90      0.83      7293
          8       0.70      0.58      0.63      6825
          9       0.72      0.69      0.71      6958

avg / total       0.80      0.80      0.80     70000
