
**************************************************
   Model: cnet
Training: §mnist-gen-DGAN-train
 Testing: standard-mnist-train-crop[20000]

             precision    recall  f1-score   support

          0       0.88      0.97      0.92      1994
          1       0.78      0.98      0.87      2154
          2       0.89      0.75      0.81      2036
          3       0.80      0.87      0.84      2027
          4       0.84      0.87      0.85      1964
          5       0.91      0.63      0.75      1788
          6       0.91      0.93      0.92      2009
          7       0.83      0.90      0.86      2067
          8       0.82      0.66      0.73      1986
          9       0.80      0.80      0.80      1975

avg / total       0.84      0.84      0.84     20000

**************************************************
   Model: cnet
Training: §mnist-gen-DGAN-train
 Testing: standard-mnist-test

             precision    recall  f1-score   support

          0       0.86      0.98      0.92       980
          1       0.81      0.99      0.89      1135
          2       0.89      0.74      0.81      1032
          3       0.81      0.88      0.85      1010
          4       0.88      0.87      0.87       982
          5       0.91      0.66      0.77       892
          6       0.90      0.92      0.91       958
          7       0.82      0.88      0.85      1028
          8       0.83      0.71      0.77       974
          9       0.82      0.83      0.82      1009

avg / total       0.85      0.85      0.85     10000

**************************************************
   Model: cnet
Training: §mnist-gen-DGAN-train
 Testing: §mnist-gen-DGAN-test

             precision    recall  f1-score   support

          0       0.99      1.00      1.00       570
          1       1.00      1.00      1.00       574
          2       1.00      1.00      1.00       604
          3       1.00      1.00      1.00       607
          4       0.99      1.00      0.99       583
          5       1.00      0.99      1.00       606
          6       1.00      1.00      1.00       600
          7       1.00      0.99      1.00       596
          8       1.00      0.99      1.00       627
          9       1.00      1.00      1.00       636

avg / total       1.00      1.00      1.00      6003

**************************************************
   Model: cnet
Training: standard-mnist-train-crop[20000]
 Testing: standard-mnist-test

             precision    recall  f1-score   support

          0       0.98      0.99      0.99       980
          1       0.99      0.99      0.99      1135
          2       0.98      0.98      0.98      1032
          3       0.99      0.98      0.99      1010
          4       0.99      0.99      0.99       982
          5       0.98      0.99      0.98       892
          6       0.99      0.98      0.99       958
          7       0.98      0.98      0.98      1028
          8       0.98      0.98      0.98       974
          9       0.99      0.97      0.98      1009

avg / total       0.98      0.98      0.98     10000

**************************************************
   Model: cnet
Training: standard-mnist-train-crop[20000]
 Testing: §mnist-gen-DGAN-test

             precision    recall  f1-score   support

          0       1.00      1.00      1.00       570
          1       1.00      0.99      1.00       574
          2       0.99      0.98      0.98       604
          3       0.99      1.00      0.99       607
          4       0.96      0.99      0.97       583
          5       1.00      0.84      0.91       606
          6       1.00      1.00      1.00       600
          7       0.99      0.96      0.97       596
          8       0.86      1.00      0.92       627
          9       1.00      1.00      1.00       636

avg / total       0.98      0.98      0.97      6003

**************************************************
   Model: cnet
Training: standard-mnist-train-crop[20000]
 Testing: §mnist-gen-DGAN

             precision    recall  f1-score   support

          0       1.00      1.00      1.00      2001
          1       1.00      0.99      1.00      2001
          2       0.99      0.99      0.99      2001
          3       0.99      1.00      0.99      2001
          4       0.96      0.99      0.97      2001
          5       1.00      0.86      0.93      2001
          6       1.00      1.00      1.00      2001
          7       0.99      0.96      0.97      2001
          8       0.88      1.00      0.94      2001
          9       1.00      1.00      1.00      2001

avg / total       0.98      0.98      0.98     20010

**************************************************
   Model: cnet
Training: §mnist-gen-DGAN
 Testing: standard-mnist-test

             precision    recall  f1-score   support

          0       0.92      0.98      0.95       980
          1       0.89      0.98      0.94      1135
          2       0.94      0.72      0.82      1032
          3       0.77      0.91      0.84      1010
          4       0.97      0.82      0.89       982
          5       0.82      0.77      0.79       892
          6       0.91      0.90      0.91       958
          7       0.84      0.90      0.87      1028
          8       0.81      0.75      0.78       974
          9       0.79      0.87      0.82      1009

avg / total       0.87      0.86      0.86     10000

**************************************************
   Model: cnet
Training: §mnist-gen-DGAN
 Testing: standard-mnist-all

             precision    recall  f1-score   support

          0       0.92      0.97      0.95      6903
          1       0.88      0.98      0.93      7877
          2       0.94      0.72      0.81      6990
          3       0.76      0.90      0.82      7141
          4       0.95      0.81      0.88      6824
          5       0.82      0.76      0.79      6313
          6       0.91      0.91      0.91      6876
          7       0.85      0.91      0.88      7293
          8       0.81      0.73      0.77      6825
          9       0.78      0.86      0.81      6958

avg / total       0.86      0.86      0.86     70000
