
**************************************************
   Model: linsvc
Training: §mnist-gen-DGAN-train
 Testing: standard-mnist-train-crop[20000]

             precision    recall  f1-score   support

          0       0.85      0.91      0.88      1900
          1       0.84      0.98      0.90      2224
          2       0.89      0.74      0.81      2068
          3       0.72      0.82      0.77      2013
          4       0.87      0.81      0.84      1933
          5       0.72      0.57      0.63      1799
          6       0.90      0.91      0.91      2029
          7       0.75      0.89      0.82      2118
          8       0.69      0.59      0.64      1929
          9       0.70      0.69      0.70      1987

avg / total       0.79      0.80      0.79     20000

**************************************************
   Model: linsvc
Training: §mnist-gen-DGAN-train
 Testing: standard-mnist-test

             precision    recall  f1-score   support

          0       0.87      0.91      0.89       980
          1       0.86      0.98      0.92      1135
          2       0.88      0.72      0.79      1032
          3       0.73      0.84      0.78      1010
          4       0.85      0.81      0.83       982
          5       0.71      0.58      0.63       892
          6       0.88      0.91      0.90       958
          7       0.78      0.89      0.83      1028
          8       0.71      0.61      0.65       974
          9       0.74      0.71      0.73      1009

avg / total       0.80      0.80      0.80     10000

**************************************************
   Model: linsvc
Training: §mnist-gen-DGAN-train
 Testing: §mnist-gen-DGAN-test

             precision    recall  f1-score   support

          0       1.00      1.00      1.00       614
          1       1.00      1.00      1.00       599
          2       1.00      1.00      1.00       609
          3       1.00      1.00      1.00       610
          4       1.00      1.00      1.00       618
          5       1.00      0.99      0.99       574
          6       1.00      1.00      1.00       584
          7       0.99      1.00      0.99       604
          8       1.00      1.00      1.00       597
          9       0.99      0.99      0.99       594

avg / total       1.00      1.00      1.00      6003

**************************************************
   Model: linsvc
Training: standard-mnist-train-crop[20000]
 Testing: standard-mnist-test

             precision    recall  f1-score   support

          0       0.93      0.94      0.94       980
          1       0.95      0.97      0.96      1135
          2       0.92      0.80      0.85      1032
          3       0.87      0.79      0.83      1010
          4       0.89      0.90      0.89       982
          5       0.73      0.86      0.79       892
          6       0.88      0.95      0.92       958
          7       0.89      0.90      0.89      1028
          8       0.78      0.81      0.79       974
          9       0.87      0.81      0.84      1009

avg / total       0.88      0.87      0.87     10000

**************************************************
   Model: linsvc
Training: standard-mnist-train-crop[20000]
 Testing: §mnist-gen-DGAN-test

             precision    recall  f1-score   support

          0       0.93      0.87      0.90       614
          1       0.88      0.91      0.89       599
          2       0.83      0.71      0.77       609
          3       0.81      0.84      0.82       610
          4       0.83      0.97      0.90       618
          5       0.78      0.70      0.74       574
          6       0.85      0.98      0.91       584
          7       0.95      0.89      0.92       604
          8       0.70      0.85      0.77       597
          9       0.95      0.77      0.85       594

avg / total       0.85      0.85      0.85      6003

**************************************************
   Model: linsvc
Training: standard-mnist-train-crop[20000]
 Testing: §mnist-gen-DGAN

             precision    recall  f1-score   support

          0       0.91      0.88      0.90      2001
          1       0.89      0.93      0.91      2001
          2       0.84      0.71      0.77      2001
          3       0.81      0.84      0.83      2001
          4       0.83      0.95      0.89      2001
          5       0.79      0.66      0.72      2001
          6       0.86      0.98      0.92      2001
          7       0.94      0.88      0.91      2001
          8       0.70      0.86      0.77      2001
          9       0.93      0.76      0.84      2001

avg / total       0.85      0.85      0.84     20010

**************************************************
   Model: linsvc
Training: §mnist-gen-DGAN
 Testing: standard-mnist-test

             precision    recall  f1-score   support

          0       0.89      0.94      0.91       980
          1       0.84      0.98      0.90      1135
          2       0.88      0.73      0.80      1032
          3       0.75      0.83      0.79      1010
          4       0.84      0.81      0.83       982
          5       0.72      0.64      0.68       892
          6       0.87      0.92      0.90       958
          7       0.79      0.89      0.83      1028
          8       0.71      0.59      0.64       974
          9       0.75      0.71      0.73      1009

avg / total       0.81      0.81      0.80     10000

**************************************************
   Model: linsvc
Training: §mnist-gen-DGAN
 Testing: standard-mnist-all

             precision    recall  f1-score   support

          0       0.88      0.93      0.90      6903
          1       0.82      0.97      0.89      7877
          2       0.87      0.74      0.80      6990
          3       0.74      0.81      0.78      7141
          4       0.86      0.80      0.83      6824
          5       0.72      0.61      0.66      6313
          6       0.87      0.92      0.90      6876
          7       0.77      0.90      0.83      7293
          8       0.70      0.58      0.63      6825
          9       0.72      0.69      0.70      6958

avg / total       0.80      0.80      0.80     70000
