
**************************************************
   Model: cnet
Training: §mnist-gen-DGAN-train
 Testing: standard-mnist-train-crop[20000]

             precision    recall  f1-score   support

          0       0.93      0.97      0.95      1983
          1       0.93      0.97      0.95      2199
          2       0.94      0.79      0.86      1967
          3       0.92      0.79      0.85      2109
          4       0.94      0.92      0.93      1939
          5       0.85      0.89      0.87      1761
          6       0.93      0.96      0.94      1985
          7       0.86      0.96      0.90      2077
          8       0.86      0.82      0.84      1994
          9       0.87      0.93      0.89      1986

avg / total       0.90      0.90      0.90     20000

**************************************************
   Model: cnet
Training: §mnist-gen-DGAN-train
 Testing: standard-mnist-test

             precision    recall  f1-score   support

          0       0.92      0.97      0.94       980
          1       0.96      0.98      0.97      1135
          2       0.93      0.81      0.86      1032
          3       0.92      0.83      0.88      1010
          4       0.94      0.92      0.93       982
          5       0.87      0.88      0.88       892
          6       0.92      0.94      0.93       958
          7       0.86      0.95      0.90      1028
          8       0.85      0.83      0.84       974
          9       0.87      0.93      0.90      1009

avg / total       0.91      0.91      0.90     10000

**************************************************
   Model: cnet
Training: §mnist-gen-DGAN-train
 Testing: §mnist-gen-DGAN-test

             precision    recall  f1-score   support

          0       1.00      1.00      1.00       603
          1       1.00      1.00      1.00       624
          2       1.00      0.99      0.99       599
          3       1.00      0.99      0.99       596
          4       1.00      0.99      0.99       610
          5       0.99      0.99      0.99       589
          6       1.00      1.00      1.00       636
          7       0.98      0.99      0.99       571
          8       0.99      0.99      0.99       569
          9       0.98      0.99      0.98       606

avg / total       0.99      0.99      0.99      6003

**************************************************
   Model: cnet
Training: standard-mnist-train-crop[20000]
 Testing: standard-mnist-test

             precision    recall  f1-score   support

          0       0.98      0.99      0.98       980
          1       0.99      0.99      0.99      1135
          2       0.97      0.98      0.97      1032
          3       0.97      0.98      0.98      1010
          4       0.97      0.99      0.98       982
          5       0.98      0.96      0.97       892
          6       0.98      0.98      0.98       958
          7       0.97      0.97      0.97      1028
          8       0.97      0.96      0.96       974
          9       0.98      0.95      0.96      1009

avg / total       0.97      0.97      0.97     10000

**************************************************
   Model: cnet
Training: standard-mnist-train-crop[20000]
 Testing: §mnist-gen-DGAN-test

             precision    recall  f1-score   support

          0       0.97      1.00      0.98       603
          1       1.00      0.98      0.99       624
          2       0.96      0.99      0.97       599
          3       0.97      0.96      0.97       596
          4       0.95      0.99      0.97       610
          5       0.95      0.98      0.97       589
          6       1.00      0.96      0.98       636
          7       0.97      0.98      0.98       571
          8       0.98      0.98      0.98       569
          9       0.99      0.91      0.95       606

avg / total       0.97      0.97      0.97      6003

**************************************************
   Model: cnet
Training: standard-mnist-train-crop[20000]
 Testing: §mnist-gen-DGAN

             precision    recall  f1-score   support

          0       0.97      1.00      0.98      2001
          1       0.99      0.99      0.99      2001
          2       0.96      0.99      0.98      2001
          3       0.98      0.95      0.96      2001
          4       0.95      0.99      0.97      2001
          5       0.96      0.98      0.97      2001
          6       0.99      0.97      0.98      2001
          7       0.98      0.98      0.98      2001
          8       0.97      0.97      0.97      2001
          9       0.98      0.92      0.95      2001

avg / total       0.97      0.97      0.97     20010

**************************************************
   Model: cnet
Training: §mnist-gen-DGAN
 Testing: standard-mnist-test

             precision    recall  f1-score   support

          0       0.95      0.97      0.96       980
          1       0.96      0.98      0.97      1135
          2       0.88      0.86      0.87      1032
          3       0.92      0.83      0.87      1010
          4       0.93      0.95      0.94       982
          5       0.89      0.87      0.88       892
          6       0.94      0.94      0.94       958
          7       0.91      0.93      0.92      1028
          8       0.84      0.85      0.84       974
          9       0.89      0.92      0.91      1009

avg / total       0.91      0.91      0.91     10000

**************************************************
   Model: cnet
Training: §mnist-gen-DGAN
 Testing: standard-mnist-all

             precision    recall  f1-score   support

          0       0.95      0.97      0.96      6903
          1       0.94      0.97      0.96      7877
          2       0.89      0.86      0.88      6990
          3       0.93      0.82      0.87      7141
          4       0.94      0.93      0.93      6824
          5       0.88      0.87      0.88      6313
          6       0.93      0.95      0.94      6876
          7       0.90      0.94      0.92      7293
          8       0.85      0.84      0.85      6825
          9       0.87      0.93      0.90      6958

avg / total       0.91      0.91      0.91     70000
