
**************************************************
   Model: linsvc
Training: §mnist-gen-DGAN-train
 Testing: standard-mnist-train-crop[20000]

             precision    recall  f1-score   support

          0       0.88      0.92      0.90      1985
          1       0.82      0.97      0.89      2242
          2       0.87      0.73      0.80      2012
          3       0.71      0.81      0.76      2058
          4       0.87      0.80      0.83      1985
          5       0.74      0.59      0.66      1800
          6       0.89      0.92      0.91      1971
          7       0.77      0.89      0.82      2010
          8       0.71      0.59      0.64      2004
          9       0.71      0.70      0.70      1933

avg / total       0.80      0.80      0.79     20000

**************************************************
   Model: linsvc
Training: §mnist-gen-DGAN-train
 Testing: standard-mnist-test

             precision    recall  f1-score   support

          0       0.87      0.93      0.90       980
          1       0.84      0.98      0.90      1135
          2       0.89      0.72      0.80      1032
          3       0.73      0.83      0.78      1010
          4       0.83      0.80      0.82       982
          5       0.73      0.63      0.68       892
          6       0.89      0.91      0.90       958
          7       0.78      0.89      0.83      1028
          8       0.71      0.60      0.65       974
          9       0.75      0.70      0.72      1009

avg / total       0.80      0.80      0.80     10000

**************************************************
   Model: linsvc
Training: §mnist-gen-DGAN-train
 Testing: §mnist-gen-DGAN-test

             precision    recall  f1-score   support

          0       1.00      1.00      1.00       609
          1       1.00      1.00      1.00       604
          2       1.00      1.00      1.00       631
          3       1.00      1.00      1.00       553
          4       1.00      1.00      1.00       620
          5       1.00      1.00      1.00       571
          6       1.00      1.00      1.00       638
          7       0.99      0.99      0.99       620
          8       1.00      0.99      0.99       571
          9       0.99      1.00      1.00       586

avg / total       1.00      1.00      1.00      6003

**************************************************
   Model: linsvc
Training: standard-mnist-train-crop[20000]
 Testing: standard-mnist-test

             precision    recall  f1-score   support

          0       0.93      0.96      0.95       980
          1       0.94      0.94      0.94      1135
          2       0.93      0.80      0.86      1032
          3       0.79      0.90      0.84      1010
          4       0.87      0.91      0.89       982
          5       0.90      0.76      0.82       892
          6       0.91      0.94      0.92       958
          7       0.86      0.91      0.89      1028
          8       0.74      0.88      0.80       974
          9       0.92      0.75      0.82      1009

avg / total       0.88      0.88      0.88     10000

**************************************************
   Model: linsvc
Training: standard-mnist-train-crop[20000]
 Testing: §mnist-gen-DGAN-test

             precision    recall  f1-score   support

          0       0.95      0.93      0.94       609
          1       0.89      0.90      0.89       604
          2       0.91      0.79      0.85       631
          3       0.62      0.90      0.73       553
          4       0.89      0.93      0.91       620
          5       0.79      0.43      0.56       571
          6       0.95      0.96      0.96       638
          7       0.85      0.84      0.85       620
          8       0.63      0.82      0.72       571
          9       0.96      0.80      0.87       586

avg / total       0.85      0.83      0.83      6003

**************************************************
   Model: linsvc
Training: standard-mnist-train-crop[20000]
 Testing: §mnist-gen-DGAN

             precision    recall  f1-score   support

          0       0.93      0.91      0.92      2001
          1       0.89      0.91      0.90      2001
          2       0.88      0.79      0.83      2001
          3       0.65      0.90      0.75      2001
          4       0.90      0.93      0.91      2001
          5       0.79      0.42      0.55      2001
          6       0.96      0.97      0.96      2001
          7       0.84      0.83      0.84      2001
          8       0.63      0.83      0.72      2001
          9       0.96      0.79      0.87      2001

avg / total       0.84      0.83      0.82     20010

**************************************************
   Model: linsvc
Training: §mnist-gen-DGAN
 Testing: standard-mnist-test

             precision    recall  f1-score   support

          0       0.89      0.94      0.91       980
          1       0.84      0.98      0.91      1135
          2       0.88      0.73      0.80      1032
          3       0.74      0.83      0.78      1010
          4       0.84      0.81      0.82       982
          5       0.72      0.63      0.67       892
          6       0.87      0.92      0.90       958
          7       0.79      0.89      0.83      1028
          8       0.71      0.59      0.65       974
          9       0.75      0.72      0.73      1009

avg / total       0.81      0.81      0.80     10000

**************************************************
   Model: linsvc
Training: §mnist-gen-DGAN
 Testing: standard-mnist-all

             precision    recall  f1-score   support

          0       0.88      0.93      0.90      6903
          1       0.82      0.97      0.89      7877
          2       0.87      0.74      0.80      6990
          3       0.74      0.82      0.78      7141
          4       0.86      0.80      0.83      6824
          5       0.73      0.61      0.66      6313
          6       0.87      0.93      0.90      6876
          7       0.78      0.90      0.83      7293
          8       0.70      0.58      0.63      6825
          9       0.72      0.69      0.71      6958

avg / total       0.80      0.80      0.80     70000
