
**************************************************
   Model: cnet
Training: §mnist-gen-DGAN-train
 Testing: standard-mnist-train-crop[20000]

             precision    recall  f1-score   support

          0       0.91      0.99      0.94      2003
          1       0.92      0.99      0.95      2227
          2       0.95      0.81      0.88      1985
          3       0.93      0.85      0.89      2110
          4       0.95      0.91      0.93      1978
          5       0.85      0.90      0.87      1765
          6       0.94      0.95      0.94      1948
          7       0.88      0.94      0.91      2008
          8       0.83      0.84      0.84      1951
          9       0.89      0.86      0.87      2025

avg / total       0.91      0.90      0.90     20000

**************************************************
   Model: cnet
Training: §mnist-gen-DGAN-train
 Testing: standard-mnist-test

             precision    recall  f1-score   support

          0       0.91      0.99      0.95       980
          1       0.94      0.99      0.96      1135
          2       0.96      0.83      0.89      1032
          3       0.93      0.87      0.90      1010
          4       0.94      0.92      0.93       982
          5       0.88      0.89      0.88       892
          6       0.94      0.95      0.95       958
          7       0.90      0.93      0.91      1028
          8       0.85      0.87      0.86       974
          9       0.89      0.89      0.89      1009

avg / total       0.91      0.91      0.91     10000

**************************************************
   Model: cnet
Training: §mnist-gen-DGAN-train
 Testing: §mnist-gen-DGAN-test

             precision    recall  f1-score   support

          0       1.00      1.00      1.00       623
          1       1.00      1.00      1.00       599
          2       1.00      1.00      1.00       599
          3       1.00      0.99      1.00       609
          4       1.00      1.00      1.00       581
          5       1.00      1.00      1.00       606
          6       1.00      1.00      1.00       579
          7       1.00      1.00      1.00       599
          8       1.00      1.00      1.00       599
          9       1.00      1.00      1.00       609

avg / total       1.00      1.00      1.00      6003

**************************************************
   Model: cnet
Training: standard-mnist-train-crop[20000]
 Testing: standard-mnist-test

             precision    recall  f1-score   support

          0       0.98      0.99      0.99       980
          1       0.99      1.00      0.99      1135
          2       0.98      0.99      0.98      1032
          3       0.99      0.99      0.99      1010
          4       0.99      0.99      0.99       982
          5       0.98      0.99      0.99       892
          6       0.99      0.98      0.99       958
          7       0.98      0.97      0.98      1028
          8       0.99      0.98      0.98       974
          9       0.98      0.98      0.98      1009

avg / total       0.98      0.98      0.98     10000

**************************************************
   Model: cnet
Training: standard-mnist-train-crop[20000]
 Testing: §mnist-gen-DGAN-test

             precision    recall  f1-score   support

          0       1.00      1.00      1.00       623
          1       0.97      0.98      0.98       599
          2       0.97      0.98      0.97       599
          3       0.96      1.00      0.98       609
          4       0.99      1.00      0.99       581
          5       0.99      0.98      0.99       606
          6       0.99      1.00      1.00       579
          7       1.00      0.96      0.98       599
          8       0.99      0.99      0.99       599
          9       1.00      0.98      0.99       609

avg / total       0.99      0.99      0.99      6003

**************************************************
   Model: cnet
Training: standard-mnist-train-crop[20000]
 Testing: §mnist-gen-DGAN

             precision    recall  f1-score   support

          0       1.00      1.00      1.00      2001
          1       0.97      0.99      0.98      2001
          2       0.97      0.97      0.97      2001
          3       0.97      1.00      0.98      2001
          4       0.99      1.00      0.99      2001
          5       0.99      0.98      0.99      2001
          6       0.99      1.00      1.00      2001
          7       1.00      0.96      0.98      2001
          8       0.99      1.00      1.00      2001
          9       0.99      0.97      0.98      2001

avg / total       0.99      0.99      0.99     20010

**************************************************
   Model: cnet
Training: §mnist-gen-DGAN
 Testing: standard-mnist-test

             precision    recall  f1-score   support

          0       0.94      0.98      0.96       980
          1       0.95      0.99      0.97      1135
          2       0.95      0.84      0.89      1032
          3       0.87      0.91      0.89      1010
          4       0.96      0.93      0.95       982
          5       0.87      0.91      0.89       892
          6       0.95      0.95      0.95       958
          7       0.90      0.94      0.92      1028
          8       0.92      0.83      0.87       974
          9       0.88      0.91      0.89      1009

avg / total       0.92      0.92      0.92     10000

**************************************************
   Model: cnet
Training: §mnist-gen-DGAN
 Testing: standard-mnist-all

             precision    recall  f1-score   support

          0       0.94      0.98      0.96      6903
          1       0.93      0.99      0.96      7877
          2       0.95      0.84      0.89      6990
          3       0.87      0.90      0.88      7141
          4       0.96      0.91      0.94      6824
          5       0.86      0.90      0.88      6313
          6       0.95      0.94      0.95      6876
          7       0.89      0.95      0.92      7293
          8       0.93      0.81      0.86      6825
          9       0.87      0.90      0.88      6958

avg / total       0.91      0.91      0.91     70000
