
**************************************************
   Model: cnet
Training: §mnist-gen-DGAN-train
 Testing: standard-mnist-train-crop[20000]

             precision    recall  f1-score   support

          0       0.94      0.98      0.96      1996
          1       0.89      0.98      0.93      2225
          2       0.92      0.88      0.90      1992
          3       0.91      0.87      0.89      2024
          4       0.94      0.81      0.87      1991
          5       0.89      0.90      0.89      1734
          6       0.94      0.97      0.95      1985
          7       0.91      0.91      0.91      2182
          8       0.90      0.78      0.84      1888
          9       0.78      0.91      0.84      1983

avg / total       0.90      0.90      0.90     20000

**************************************************
   Model: cnet
Training: §mnist-gen-DGAN-train
 Testing: standard-mnist-test

             precision    recall  f1-score   support

          0       0.93      0.98      0.95       980
          1       0.91      0.99      0.95      1135
          2       0.92      0.87      0.90      1032
          3       0.91      0.88      0.89      1010
          4       0.93      0.80      0.86       982
          5       0.92      0.91      0.92       892
          6       0.94      0.96      0.95       958
          7       0.91      0.90      0.91      1028
          8       0.88      0.82      0.85       974
          9       0.79      0.90      0.84      1009

avg / total       0.90      0.90      0.90     10000

**************************************************
   Model: cnet
Training: §mnist-gen-DGAN-train
 Testing: §mnist-gen-DGAN-test

             precision    recall  f1-score   support

          0       1.00      1.00      1.00       568
          1       0.99      1.00      1.00       582
          2       0.99      1.00      0.99       575
          3       1.00      0.99      0.99       615
          4       1.00      1.00      1.00       621
          5       1.00      1.00      1.00       607
          6       1.00      1.00      1.00       603
          7       1.00      1.00      1.00       568
          8       1.00      1.00      1.00       636
          9       1.00      1.00      1.00       628

avg / total       1.00      1.00      1.00      6003

**************************************************
   Model: cnet
Training: standard-mnist-train-crop[20000]
 Testing: standard-mnist-test

             precision    recall  f1-score   support

          0       0.98      0.99      0.99       980
          1       0.99      1.00      0.99      1135
          2       0.98      0.99      0.98      1032
          3       0.98      0.99      0.99      1010
          4       0.99      0.98      0.98       982
          5       0.99      0.98      0.99       892
          6       0.99      0.98      0.99       958
          7       0.99      0.98      0.98      1028
          8       0.98      0.98      0.98       974
          9       0.98      0.98      0.98      1009

avg / total       0.98      0.98      0.98     10000

**************************************************
   Model: cnet
Training: standard-mnist-train-crop[20000]
 Testing: §mnist-gen-DGAN-test

             precision    recall  f1-score   support

          0       1.00      1.00      1.00       568
          1       1.00      1.00      1.00       582
          2       0.98      1.00      0.99       575
          3       0.98      1.00      0.99       615
          4       1.00      1.00      1.00       621
          5       1.00      1.00      1.00       607
          6       1.00      1.00      1.00       603
          7       1.00      0.98      0.99       568
          8       1.00      0.98      0.99       636
          9       1.00      0.99      0.99       628

avg / total       0.99      0.99      0.99      6003

**************************************************
   Model: cnet
Training: standard-mnist-train-crop[20000]
 Testing: §mnist-gen-DGAN

             precision    recall  f1-score   support

          0       1.00      1.00      1.00      2001
          1       1.00      1.00      1.00      2001
          2       0.98      1.00      0.99      2001
          3       0.98      1.00      0.99      2001
          4       1.00      1.00      1.00      2001
          5       1.00      1.00      1.00      2001
          6       1.00      1.00      1.00      2001
          7       1.00      0.97      0.98      2001
          8       1.00      0.98      0.99      2001
          9       0.99      0.99      0.99      2001

avg / total       0.99      0.99      0.99     20010

**************************************************
   Model: cnet
Training: §mnist-gen-DGAN
 Testing: standard-mnist-test

             precision    recall  f1-score   support

          0       0.91      0.99      0.95       980
          1       0.94      0.99      0.96      1135
          2       0.95      0.86      0.90      1032
          3       0.94      0.87      0.90      1010
          4       0.92      0.82      0.87       982
          5       0.95      0.90      0.93       892
          6       0.92      0.96      0.94       958
          7       0.92      0.90      0.91      1028
          8       0.85      0.88      0.86       974
          9       0.81      0.92      0.86      1009

avg / total       0.91      0.91      0.91     10000

**************************************************
   Model: cnet
Training: §mnist-gen-DGAN
 Testing: standard-mnist-all

             precision    recall  f1-score   support

          0       0.92      0.99      0.95      6903
          1       0.92      0.98      0.95      7877
          2       0.94      0.85      0.89      6990
          3       0.93      0.86      0.89      7141
          4       0.94      0.83      0.88      6824
          5       0.94      0.89      0.91      6313
          6       0.93      0.97      0.95      6876
          7       0.91      0.91      0.91      7293
          8       0.86      0.87      0.86      6825
          9       0.80      0.91      0.85      6958

avg / total       0.91      0.91      0.90     70000

**************************************************
   Model: cnet
Training: §mnist-gen-DGAN-train
 Testing: standard-mnist-train-crop[20000]

             precision    recall  f1-score   support

          0       0.91      0.96      0.93      1981
          1       0.89      0.97      0.93      2244
          2       0.92      0.82      0.87      2027
          3       0.86      0.84      0.85      2077
          4       0.92      0.79      0.85      2039
          5       0.91      0.82      0.86      1747
          6       0.91      0.95      0.93      2000
          7       0.87      0.90      0.89      2019
          8       0.86      0.79      0.82      2001
          9       0.73      0.91      0.81      1865

avg / total       0.88      0.87      0.87     20000

**************************************************
   Model: cnet
Training: §mnist-gen-DGAN-train
 Testing: standard-mnist-test

             precision    recall  f1-score   support

          0       0.89      0.98      0.93       980
          1       0.91      0.99      0.95      1135
          2       0.95      0.81      0.87      1032
          3       0.87      0.86      0.86      1010
          4       0.93      0.78      0.85       982
          5       0.92      0.82      0.87       892
          6       0.91      0.94      0.92       958
          7       0.88      0.89      0.88      1028
          8       0.87      0.82      0.84       974
          9       0.74      0.91      0.82      1009

avg / total       0.89      0.88      0.88     10000

**************************************************
   Model: cnet
Training: §mnist-gen-DGAN-train
 Testing: §mnist-gen-DGAN-test

             precision    recall  f1-score   support

          0       0.99      1.00      1.00       595
          1       1.00      1.00      1.00       639
          2       1.00      0.99      1.00       605
          3       1.00      1.00      1.00       603
          4       1.00      1.00      1.00       604
          5       1.00      1.00      1.00       597
          6       1.00      1.00      1.00       585
          7       1.00      0.99      1.00       587
          8       1.00      1.00      1.00       587
          9       0.99      1.00      0.99       601

avg / total       1.00      1.00      1.00      6003

**************************************************
   Model: cnet
Training: standard-mnist-train-crop[20000]
 Testing: standard-mnist-test

             precision    recall  f1-score   support

          0       0.97      0.99      0.98       980
          1       0.99      0.99      0.99      1135
          2       0.98      0.97      0.97      1032
          3       0.98      0.98      0.98      1010
          4       0.98      0.97      0.98       982
          5       0.97      0.97      0.97       892
          6       0.98      0.97      0.98       958
          7       0.97      0.97      0.97      1028
          8       0.96      0.96      0.96       974
          9       0.97      0.96      0.97      1009

avg / total       0.97      0.97      0.97     10000

**************************************************
   Model: cnet
Training: standard-mnist-train-crop[20000]
 Testing: §mnist-gen-DGAN-test

             precision    recall  f1-score   support

          0       0.99      1.00      1.00       595
          1       1.00      0.99      1.00       639
          2       0.98      0.97      0.97       605
          3       0.95      0.98      0.97       603
          4       0.99      0.96      0.98       604
          5       0.97      0.99      0.98       597
          6       0.98      0.99      0.99       585
          7       0.98      0.97      0.98       587
          8       1.00      0.97      0.98       587
          9       0.97      0.98      0.97       601

avg / total       0.98      0.98      0.98      6003

**************************************************
   Model: cnet
Training: standard-mnist-train-crop[20000]
 Testing: §mnist-gen-DGAN

             precision    recall  f1-score   support

          0       0.99      1.00      1.00      2001
          1       1.00      0.99      1.00      2001
          2       0.99      0.97      0.98      2001
          3       0.96      0.99      0.97      2001
          4       0.99      0.96      0.97      2001
          5       0.98      0.99      0.98      2001
          6       0.98      0.99      0.99      2001
          7       0.98      0.98      0.98      2001
          8       0.99      0.97      0.98      2001
          9       0.96      0.98      0.97      2001

avg / total       0.98      0.98      0.98     20010

**************************************************
   Model: cnet
Training: §mnist-gen-DGAN
 Testing: standard-mnist-test

             precision    recall  f1-score   support

          0       0.89      0.98      0.93       980
          1       0.93      0.98      0.96      1135
          2       0.92      0.83      0.87      1032
          3       0.90      0.83      0.86      1010
          4       0.90      0.86      0.88       982
          5       0.89      0.87      0.88       892
          6       0.90      0.93      0.91       958
          7       0.88      0.89      0.88      1028
          8       0.86      0.81      0.83       974
          9       0.82      0.88      0.85      1009

avg / total       0.89      0.89      0.89     10000

**************************************************
   Model: cnet
Training: §mnist-gen-DGAN
 Testing: standard-mnist-all

             precision    recall  f1-score   support

          0       0.90      0.97      0.93      6903
          1       0.93      0.98      0.95      7877
          2       0.91      0.83      0.87      6990
          3       0.90      0.82      0.86      7141
          4       0.91      0.85      0.88      6824
          5       0.87      0.87      0.87      6313
          6       0.91      0.94      0.92      6876
          7       0.88      0.90      0.89      7293
          8       0.85      0.80      0.83      6825
          9       0.81      0.88      0.84      6958

avg / total       0.89      0.89      0.88     70000
