
**************************************************
   Model: cnet
Training: §mnist-gen-DGAN-train
 Testing: standard-mnist-train-crop[20000]

             precision    recall  f1-score   support

          0       0.93      0.98      0.95      1962
          1       0.90      0.98      0.94      2267
          2       0.95      0.81      0.87      2015
          3       0.93      0.84      0.88      2048
          4       0.94      0.88      0.91      1929
          5       0.79      0.90      0.84      1770
          6       0.93      0.95      0.94      1987
          7       0.88      0.93      0.91      2075
          8       0.86      0.81      0.83      1959
          9       0.86      0.88      0.87      1988

avg / total       0.90      0.90      0.90     20000

**************************************************
   Model: cnet
Training: §mnist-gen-DGAN-train
 Testing: standard-mnist-test

             precision    recall  f1-score   support

          0       0.94      0.98      0.96       980
          1       0.93      0.99      0.96      1135
          2       0.94      0.81      0.87      1032
          3       0.91      0.86      0.88      1010
          4       0.95      0.89      0.92       982
          5       0.81      0.91      0.86       892
          6       0.93      0.95      0.94       958
          7       0.90      0.93      0.91      1028
          8       0.87      0.85      0.86       974
          9       0.88      0.89      0.89      1009

avg / total       0.91      0.91      0.91     10000

**************************************************
   Model: cnet
Training: §mnist-gen-DGAN-train
 Testing: §mnist-gen-DGAN-test

             precision    recall  f1-score   support

          0       1.00      1.00      1.00       612
          1       1.00      1.00      1.00       554
          2       1.00      0.99      1.00       594
          3       0.99      1.00      1.00       604
          4       1.00      1.00      1.00       627
          5       1.00      1.00      1.00       627
          6       1.00      1.00      1.00       574
          7       1.00      1.00      1.00       600
          8       1.00      1.00      1.00       604
          9       1.00      0.99      1.00       607

avg / total       1.00      1.00      1.00      6003

**************************************************
   Model: cnet
Training: standard-mnist-train-crop[20000]
 Testing: standard-mnist-test

             precision    recall  f1-score   support

          0       0.98      0.99      0.98       980
          1       0.99      1.00      0.99      1135
          2       0.97      0.99      0.98      1032
          3       0.99      0.99      0.99      1010
          4       0.99      0.98      0.99       982
          5       0.99      0.99      0.99       892
          6       0.99      0.98      0.98       958
          7       0.98      0.98      0.98      1028
          8       0.99      0.97      0.98       974
          9       0.98      0.97      0.98      1009

avg / total       0.98      0.98      0.98     10000

**************************************************
   Model: cnet
Training: standard-mnist-train-crop[20000]
 Testing: §mnist-gen-DGAN-test

             precision    recall  f1-score   support

          0       1.00      1.00      1.00       612
          1       0.98      0.99      0.99       554
          2       0.96      0.98      0.97       594
          3       0.96      1.00      0.98       604
          4       0.99      1.00      0.99       627
          5       1.00      0.97      0.98       627
          6       0.98      1.00      0.99       574
          7       1.00      0.95      0.97       600
          8       1.00      1.00      1.00       604
          9       1.00      0.97      0.98       607

avg / total       0.99      0.99      0.99      6003

**************************************************
   Model: cnet
Training: standard-mnist-train-crop[20000]
 Testing: §mnist-gen-DGAN

             precision    recall  f1-score   support

          0       1.00      1.00      1.00      2001
          1       0.98      0.99      0.99      2001
          2       0.96      0.99      0.97      2001
          3       0.96      1.00      0.98      2001
          4       0.99      1.00      1.00      2001
          5       0.99      0.98      0.99      2001
          6       0.99      1.00      0.99      2001
          7       1.00      0.96      0.98      2001
          8       1.00      1.00      1.00      2001
          9       1.00      0.97      0.98      2001

avg / total       0.99      0.99      0.99     20010

**************************************************
   Model: cnet
Training: §mnist-gen-DGAN
 Testing: standard-mnist-test

             precision    recall  f1-score   support

          0       0.93      0.99      0.96       980
          1       0.95      0.99      0.97      1135
          2       0.95      0.84      0.89      1032
          3       0.87      0.91      0.89      1010
          4       0.96      0.92      0.94       982
          5       0.91      0.87      0.89       892
          6       0.93      0.96      0.95       958
          7       0.90      0.94      0.92      1028
          8       0.88      0.86      0.87       974
          9       0.90      0.90      0.90      1009

avg / total       0.92      0.92      0.92     10000

**************************************************
   Model: cnet
Training: §mnist-gen-DGAN
 Testing: standard-mnist-all

             precision    recall  f1-score   support

          0       0.93      0.98      0.96      6903
          1       0.94      0.98      0.96      7877
          2       0.95      0.84      0.89      6990
          3       0.87      0.90      0.88      7141
          4       0.95      0.91      0.93      6824
          5       0.90      0.86      0.88      6313
          6       0.92      0.96      0.94      6876
          7       0.90      0.95      0.92      7293
          8       0.90      0.84      0.87      6825
          9       0.89      0.89      0.89      6958

avg / total       0.91      0.91      0.91     70000
