
**************************************************
   Model: cnet
Training: §mnist-gen-DGAN-train
 Testing: standard-mnist-train-crop[20000]

             precision    recall  f1-score   support

          0       0.93      0.97      0.95      1972
          1       0.94      0.98      0.96      2208
          2       0.94      0.83      0.88      1960
          3       0.87      0.90      0.88      2115
          4       0.96      0.88      0.92      1991
          5       0.88      0.86      0.87      1832
          6       0.94      0.96      0.95      1940
          7       0.87      0.94      0.90      2016
          8       0.91      0.78      0.84      1982
          9       0.81      0.91      0.86      1984

avg / total       0.90      0.90      0.90     20000

**************************************************
   Model: cnet
Training: §mnist-gen-DGAN-train
 Testing: standard-mnist-test

             precision    recall  f1-score   support

          0       0.92      0.98      0.95       980
          1       0.96      0.99      0.97      1135
          2       0.95      0.84      0.89      1032
          3       0.87      0.91      0.89      1010
          4       0.96      0.91      0.93       982
          5       0.91      0.86      0.88       892
          6       0.95      0.96      0.95       958
          7       0.87      0.93      0.90      1028
          8       0.89      0.81      0.85       974
          9       0.85      0.91      0.88      1009

avg / total       0.91      0.91      0.91     10000

**************************************************
   Model: cnet
Training: §mnist-gen-DGAN-train
 Testing: §mnist-gen-DGAN-test

             precision    recall  f1-score   support

          0       1.00      1.00      1.00       615
          1       1.00      1.00      1.00       550
          2       1.00      1.00      1.00       650
          3       1.00      1.00      1.00       603
          4       1.00      1.00      1.00       594
          5       1.00      1.00      1.00       609
          6       1.00      1.00      1.00       596
          7       0.99      0.99      0.99       596
          8       1.00      0.99      1.00       578
          9       0.99      1.00      0.99       612

avg / total       1.00      1.00      1.00      6003

**************************************************
   Model: cnet
Training: standard-mnist-train-crop[20000]
 Testing: standard-mnist-test

             precision    recall  f1-score   support

          0       0.97      1.00      0.98       980
          1       0.99      1.00      0.99      1135
          2       0.98      0.98      0.98      1032
          3       0.99      0.98      0.99      1010
          4       0.98      0.99      0.98       982
          5       0.99      0.99      0.99       892
          6       0.99      0.98      0.98       958
          7       0.98      0.98      0.98      1028
          8       0.98      0.98      0.98       974
          9       0.99      0.97      0.98      1009

avg / total       0.98      0.98      0.98     10000

**************************************************
   Model: cnet
Training: standard-mnist-train-crop[20000]
 Testing: §mnist-gen-DGAN-test

             precision    recall  f1-score   support

          0       1.00      1.00      1.00       615
          1       0.97      0.99      0.98       550
          2       0.99      0.98      0.98       650
          3       0.98      1.00      0.99       603
          4       0.99      1.00      0.99       594
          5       1.00      0.99      1.00       609
          6       0.99      1.00      1.00       596
          7       0.99      0.97      0.98       596
          8       0.99      1.00      1.00       578
          9       1.00      0.97      0.98       612

avg / total       0.99      0.99      0.99      6003

**************************************************
   Model: cnet
Training: standard-mnist-train-crop[20000]
 Testing: §mnist-gen-DGAN

             precision    recall  f1-score   support

          0       1.00      1.00      1.00      2001
          1       0.98      0.98      0.98      2001
          2       0.98      0.98      0.98      2001
          3       0.98      1.00      0.99      2001
          4       0.98      1.00      0.99      2001
          5       0.99      0.99      0.99      2001
          6       1.00      1.00      1.00      2001
          7       1.00      0.98      0.99      2001
          8       0.99      1.00      0.99      2001
          9       1.00      0.97      0.98      2001

avg / total       0.99      0.99      0.99     20010

**************************************************
   Model: cnet
Training: §mnist-gen-DGAN
 Testing: standard-mnist-test

             precision    recall  f1-score   support

          0       0.93      0.99      0.96       980
          1       0.95      0.99      0.97      1135
          2       0.95      0.84      0.89      1032
          3       0.89      0.90      0.89      1010
          4       0.97      0.89      0.93       982
          5       0.88      0.90      0.89       892
          6       0.95      0.95      0.95       958
          7       0.90      0.94      0.92      1028
          8       0.89      0.85      0.87       974
          9       0.87      0.91      0.89      1009

avg / total       0.92      0.92      0.92     10000

**************************************************
   Model: cnet
Training: §mnist-gen-DGAN
 Testing: standard-mnist-all

             precision    recall  f1-score   support

          0       0.94      0.98      0.96      6903
          1       0.93      0.98      0.95      7877
          2       0.95      0.84      0.89      6990
          3       0.88      0.90      0.89      7141
          4       0.97      0.89      0.93      6824
          5       0.87      0.88      0.87      6313
          6       0.95      0.95      0.95      6876
          7       0.89      0.95      0.92      7293
          8       0.90      0.83      0.86      6825
          9       0.86      0.90      0.88      6958

avg / total       0.91      0.91      0.91     70000
