
**************************************************
   Model: cnet
Training: §mnist-gen-DGAN-train
 Testing: standard-mnist-train-crop[20000]

             precision    recall  f1-score   support

          0       0.92      0.99      0.95      1940
          1       0.93      0.98      0.96      2212
          2       0.94      0.83      0.88      1968
          3       0.89      0.87      0.88      2079
          4       0.95      0.91      0.93      1968
          5       0.81      0.91      0.86      1836
          6       0.93      0.95      0.94      1981
          7       0.90      0.95      0.93      2128
          8       0.92      0.79      0.85      1927
          9       0.88      0.86      0.87      1961

avg / total       0.91      0.91      0.91     20000

**************************************************
   Model: cnet
Training: §mnist-gen-DGAN-train
 Testing: standard-mnist-test

             precision    recall  f1-score   support

          0       0.91      0.99      0.95       980
          1       0.94      0.99      0.96      1135
          2       0.94      0.85      0.89      1032
          3       0.89      0.87      0.88      1010
          4       0.95      0.91      0.93       982
          5       0.80      0.92      0.86       892
          6       0.94      0.94      0.94       958
          7       0.91      0.93      0.92      1028
          8       0.93      0.79      0.86       974
          9       0.89      0.89      0.89      1009

avg / total       0.91      0.91      0.91     10000

**************************************************
   Model: cnet
Training: §mnist-gen-DGAN-train
 Testing: §mnist-gen-DGAN-test

             precision    recall  f1-score   support

          0       1.00      1.00      1.00       604
          1       1.00      1.00      1.00       630
          2       1.00      1.00      1.00       606
          3       1.00      1.00      1.00       589
          4       1.00      1.00      1.00       604
          5       1.00      1.00      1.00       596
          6       1.00      1.00      1.00       620
          7       1.00      0.99      1.00       582
          8       1.00      0.99      0.99       581
          9       1.00      1.00      1.00       591

avg / total       1.00      1.00      1.00      6003

**************************************************
   Model: cnet
Training: standard-mnist-train-crop[20000]
 Testing: standard-mnist-test

             precision    recall  f1-score   support

          0       0.98      0.99      0.99       980
          1       0.99      0.99      0.99      1135
          2       0.98      0.98      0.98      1032
          3       0.99      0.98      0.99      1010
          4       0.99      0.98      0.99       982
          5       0.99      0.99      0.99       892
          6       0.98      0.98      0.98       958
          7       0.98      0.98      0.98      1028
          8       0.97      0.98      0.98       974
          9       0.98      0.98      0.98      1009

avg / total       0.98      0.98      0.98     10000

**************************************************
   Model: cnet
Training: standard-mnist-train-crop[20000]
 Testing: §mnist-gen-DGAN-test

             precision    recall  f1-score   support

          0       1.00      1.00      1.00       604
          1       0.97      0.98      0.98       630
          2       0.98      0.97      0.98       606
          3       0.98      0.99      0.98       589
          4       0.99      1.00      0.99       604
          5       0.99      1.00      1.00       596
          6       1.00      1.00      1.00       620
          7       1.00      0.98      0.99       582
          8       0.99      1.00      0.99       581
          9       1.00      0.98      0.99       591

avg / total       0.99      0.99      0.99      6003

**************************************************
   Model: cnet
Training: standard-mnist-train-crop[20000]
 Testing: §mnist-gen-DGAN

             precision    recall  f1-score   support

          0       1.00      1.00      1.00      2001
          1       0.98      0.99      0.98      2001
          2       0.97      0.98      0.97      2001
          3       0.98      0.99      0.98      2001
          4       0.99      1.00      0.99      2001
          5       0.99      0.99      0.99      2001
          6       0.99      1.00      1.00      2001
          7       1.00      0.96      0.98      2001
          8       0.99      1.00      1.00      2001
          9       0.99      0.98      0.99      2001

avg / total       0.99      0.99      0.99     20010

**************************************************
   Model: cnet
Training: §mnist-gen-DGAN
 Testing: standard-mnist-test

             precision    recall  f1-score   support

          0       0.95      0.98      0.96       980
          1       0.96      0.99      0.97      1135
          2       0.94      0.87      0.90      1032
          3       0.91      0.91      0.91      1010
          4       0.96      0.91      0.93       982
          5       0.90      0.90      0.90       892
          6       0.93      0.97      0.95       958
          7       0.89      0.95      0.92      1028
          8       0.93      0.83      0.87       974
          9       0.88      0.92      0.90      1009

avg / total       0.92      0.92      0.92     10000

**************************************************
   Model: cnet
Training: §mnist-gen-DGAN
 Testing: standard-mnist-all

             precision    recall  f1-score   support

          0       0.95      0.98      0.96      6903
          1       0.94      0.98      0.96      7877
          2       0.93      0.86      0.90      6990
          3       0.90      0.91      0.90      7141
          4       0.96      0.90      0.93      6824
          5       0.89      0.89      0.89      6313
          6       0.92      0.96      0.94      6876
          7       0.88      0.95      0.92      7293
          8       0.93      0.81      0.86      6825
          9       0.86      0.91      0.88      6958

avg / total       0.92      0.92      0.92     70000
