
**************************************************
   Model: linsvc
Training: §mnist-gen-DGAN-train
 Testing: standard-mnist-train-crop[20000]

             precision    recall  f1-score   support

          0       0.89      0.92      0.90      1957
          1       0.81      0.97      0.88      2277
          2       0.87      0.72      0.79      2060
          3       0.75      0.83      0.79      2052
          4       0.87      0.78      0.82      1859
          5       0.72      0.58      0.64      1807
          6       0.85      0.93      0.89      1964
          7       0.77      0.91      0.83      2097
          8       0.71      0.58      0.64      1939
          9       0.71      0.70      0.70      1988

avg / total       0.80      0.80      0.79     20000

**************************************************
   Model: linsvc
Training: §mnist-gen-DGAN-train
 Testing: standard-mnist-test

             precision    recall  f1-score   support

          0       0.90      0.92      0.91       980
          1       0.84      0.98      0.90      1135
          2       0.87      0.71      0.78      1032
          3       0.74      0.84      0.79      1010
          4       0.86      0.79      0.82       982
          5       0.73      0.62      0.67       892
          6       0.87      0.92      0.89       958
          7       0.76      0.89      0.82      1028
          8       0.72      0.60      0.66       974
          9       0.72      0.72      0.72      1009

avg / total       0.80      0.80      0.80     10000

**************************************************
   Model: linsvc
Training: §mnist-gen-DGAN-train
 Testing: §mnist-gen-DGAN-test

             precision    recall  f1-score   support

          0       1.00      1.00      1.00       593
          1       0.99      1.00      1.00       581
          2       1.00      1.00      1.00       574
          3       1.00      1.00      1.00       575
          4       1.00      1.00      1.00       568
          5       0.99      0.99      0.99       611
          6       1.00      1.00      1.00       617
          7       0.99      0.99      0.99       605
          8       1.00      1.00      1.00       649
          9       1.00      1.00      1.00       630

avg / total       1.00      1.00      1.00      6003

**************************************************
   Model: linsvc
Training: standard-mnist-train-crop[20000]
 Testing: standard-mnist-test

             precision    recall  f1-score   support

          0       0.92      0.95      0.93       980
          1       0.92      0.97      0.94      1135
          2       0.78      0.91      0.84      1032
          3       0.79      0.88      0.83      1010
          4       0.91      0.89      0.90       982
          5       0.85      0.79      0.82       892
          6       0.92      0.91      0.91       958
          7       0.89      0.90      0.89      1028
          8       0.87      0.66      0.75       974
          9       0.86      0.83      0.84      1009

avg / total       0.87      0.87      0.87     10000

**************************************************
   Model: linsvc
Training: standard-mnist-train-crop[20000]
 Testing: §mnist-gen-DGAN-test

             precision    recall  f1-score   support

          0       0.93      0.92      0.92       593
          1       0.82      0.91      0.86       581
          2       0.71      0.86      0.78       574
          3       0.75      0.87      0.80       575
          4       0.88      0.92      0.90       568
          5       0.78      0.55      0.65       611
          6       0.91      0.95      0.93       617
          7       0.87      0.88      0.88       605
          8       0.79      0.80      0.79       649
          9       0.93      0.71      0.81       630

avg / total       0.84      0.83      0.83      6003

**************************************************
   Model: linsvc
Training: standard-mnist-train-crop[20000]
 Testing: §mnist-gen-DGAN

             precision    recall  f1-score   support

          0       0.92      0.92      0.92      2001
          1       0.83      0.92      0.87      2001
          2       0.72      0.86      0.78      2001
          3       0.75      0.87      0.81      2001
          4       0.88      0.90      0.89      2001
          5       0.80      0.54      0.65      2001
          6       0.91      0.94      0.93      2001
          7       0.86      0.87      0.87      2001
          8       0.79      0.81      0.80      2001
          9       0.92      0.70      0.79      2001

avg / total       0.84      0.83      0.83     20010

**************************************************
   Model: linsvc
Training: §mnist-gen-DGAN
 Testing: standard-mnist-test

             precision    recall  f1-score   support

          0       0.89      0.94      0.91       980
          1       0.84      0.98      0.91      1135
          2       0.88      0.73      0.80      1032
          3       0.74      0.83      0.78      1010
          4       0.84      0.81      0.83       982
          5       0.72      0.63      0.67       892
          6       0.87      0.92      0.90       958
          7       0.79      0.89      0.83      1028
          8       0.71      0.59      0.65       974
          9       0.75      0.72      0.73      1009

avg / total       0.81      0.81      0.80     10000

**************************************************
   Model: linsvc
Training: §mnist-gen-DGAN
 Testing: standard-mnist-all

             precision    recall  f1-score   support

          0       0.88      0.93      0.90      6903
          1       0.82      0.97      0.89      7877
          2       0.87      0.74      0.80      6990
          3       0.74      0.82      0.78      7141
          4       0.86      0.80      0.83      6824
          5       0.72      0.61      0.66      6313
          6       0.87      0.92      0.90      6876
          7       0.78      0.90      0.83      7293
          8       0.70      0.58      0.63      6825
          9       0.72      0.69      0.71      6958

avg / total       0.80      0.80      0.80     70000
