
**************************************************
   Model: cnet
Training: §mnist-gen-DGAN-train
 Testing: standard-mnist-train-crop[20000]

             precision    recall  f1-score   support

          0       0.91      0.98      0.94      1953
          1       0.90      0.98      0.94      2189
          2       0.94      0.81      0.87      1962
          3       0.82      0.89      0.85      2022
          4       0.95      0.88      0.92      2013
          5       0.89      0.81      0.85      1897
          6       0.93      0.95      0.94      1991
          7       0.87      0.95      0.91      2074
          8       0.90      0.77      0.83      1901
          9       0.84      0.88      0.86      1998

avg / total       0.89      0.89      0.89     20000

**************************************************
   Model: cnet
Training: §mnist-gen-DGAN-train
 Testing: standard-mnist-test

             precision    recall  f1-score   support

          0       0.92      0.98      0.95       980
          1       0.92      0.99      0.95      1135
          2       0.95      0.81      0.88      1032
          3       0.83      0.91      0.87      1010
          4       0.95      0.88      0.91       982
          5       0.90      0.83      0.86       892
          6       0.93      0.94      0.94       958
          7       0.86      0.94      0.90      1028
          8       0.89      0.81      0.85       974
          9       0.85      0.89      0.87      1009

avg / total       0.90      0.90      0.90     10000

**************************************************
   Model: cnet
Training: §mnist-gen-DGAN-train
 Testing: §mnist-gen-DGAN-test

             precision    recall  f1-score   support

          0       1.00      1.00      1.00       601
          1       1.00      1.00      1.00       605
          2       1.00      1.00      1.00       601
          3       1.00      1.00      1.00       597
          4       1.00      1.00      1.00       581
          5       1.00      1.00      1.00       604
          6       1.00      1.00      1.00       603
          7       0.99      1.00      0.99       603
          8       1.00      0.99      1.00       613
          9       1.00      0.99      1.00       595

avg / total       1.00      1.00      1.00      6003

**************************************************
   Model: cnet
Training: standard-mnist-train-crop[20000]
 Testing: standard-mnist-test

             precision    recall  f1-score   support

          0       0.98      0.99      0.99       980
          1       0.99      0.99      0.99      1135
          2       0.98      0.99      0.98      1032
          3       0.99      0.98      0.99      1010
          4       0.98      0.99      0.98       982
          5       0.99      0.99      0.99       892
          6       0.99      0.98      0.98       958
          7       0.98      0.98      0.98      1028
          8       0.98      0.98      0.98       974
          9       0.99      0.96      0.98      1009

avg / total       0.98      0.98      0.98     10000

**************************************************
   Model: cnet
Training: standard-mnist-train-crop[20000]
 Testing: §mnist-gen-DGAN-test

             precision    recall  f1-score   support

          0       1.00      1.00      1.00       601
          1       0.98      0.99      0.98       605
          2       0.97      0.98      0.97       601
          3       0.98      0.99      0.99       597
          4       0.97      1.00      0.98       581
          5       0.99      0.99      0.99       604
          6       1.00      1.00      1.00       603
          7       1.00      0.96      0.98       603
          8       1.00      1.00      1.00       613
          9       1.00      0.96      0.98       595

avg / total       0.99      0.99      0.99      6003

**************************************************
   Model: cnet
Training: standard-mnist-train-crop[20000]
 Testing: §mnist-gen-DGAN

             precision    recall  f1-score   support

          0       1.00      1.00      1.00      2001
          1       0.98      0.99      0.98      2001
          2       0.96      0.98      0.97      2001
          3       0.98      0.99      0.99      2001
          4       0.98      1.00      0.99      2001
          5       0.99      0.98      0.99      2001
          6       1.00      1.00      1.00      2001
          7       0.99      0.96      0.98      2001
          8       0.99      1.00      1.00      2001
          9       1.00      0.97      0.98      2001

avg / total       0.99      0.99      0.99     20010

**************************************************
   Model: cnet
Training: §mnist-gen-DGAN
 Testing: standard-mnist-test

             precision    recall  f1-score   support

          0       0.92      0.99      0.95       980
          1       0.97      0.98      0.98      1135
          2       0.94      0.86      0.90      1032
          3       0.88      0.92      0.90      1010
          4       0.97      0.89      0.93       982
          5       0.93      0.87      0.90       892
          6       0.93      0.95      0.94       958
          7       0.87      0.95      0.91      1028
          8       0.91      0.86      0.88       974
          9       0.87      0.90      0.89      1009

avg / total       0.92      0.92      0.92     10000

**************************************************
   Model: cnet
Training: §mnist-gen-DGAN
 Testing: standard-mnist-all

             precision    recall  f1-score   support

          0       0.93      0.98      0.95      6903
          1       0.95      0.98      0.97      7877
          2       0.94      0.85      0.89      6990
          3       0.88      0.91      0.89      7141
          4       0.97      0.89      0.92      6824
          5       0.91      0.85      0.88      6313
          6       0.93      0.95      0.94      6876
          7       0.87      0.95      0.91      7293
          8       0.91      0.84      0.87      6825
          9       0.85      0.89      0.87      6958

avg / total       0.91      0.91      0.91     70000
