
**************************************************
   Model: cnet
Training: §mnist-gen-DGAN-train
 Testing: standard-mnist-train-crop[20000]

             precision    recall  f1-score   support

          0       0.95      0.97      0.96      1949
          1       0.92      0.99      0.95      2292
          2       0.92      0.83      0.87      1944
          3       0.89      0.87      0.88      2000
          4       0.94      0.90      0.92      1934
          5       0.87      0.88      0.88      1780
          6       0.92      0.95      0.93      1992
          7       0.88      0.95      0.91      2146
          8       0.92      0.80      0.86      1963
          9       0.85      0.90      0.87      2000

avg / total       0.91      0.90      0.90     20000

**************************************************
   Model: cnet
Training: §mnist-gen-DGAN-train
 Testing: standard-mnist-test

             precision    recall  f1-score   support

          0       0.94      0.97      0.96       980
          1       0.94      0.99      0.96      1135
          2       0.92      0.85      0.88      1032
          3       0.90      0.87      0.88      1010
          4       0.95      0.90      0.92       982
          5       0.88      0.90      0.89       892
          6       0.93      0.96      0.94       958
          7       0.87      0.93      0.90      1028
          8       0.90      0.83      0.86       974
          9       0.87      0.89      0.88      1009

avg / total       0.91      0.91      0.91     10000

**************************************************
   Model: cnet
Training: §mnist-gen-DGAN-train
 Testing: §mnist-gen-DGAN-test

             precision    recall  f1-score   support

          0       1.00      1.00      1.00       571
          1       0.99      1.00      1.00       592
          2       0.99      1.00      0.99       564
          3       1.00      1.00      1.00       608
          4       1.00      1.00      1.00       595
          5       1.00      1.00      1.00       607
          6       1.00      1.00      1.00       604
          7       1.00      1.00      1.00       612
          8       1.00      1.00      1.00       629
          9       1.00      1.00      1.00       621

avg / total       1.00      1.00      1.00      6003

**************************************************
   Model: cnet
Training: standard-mnist-train-crop[20000]
 Testing: standard-mnist-test

             precision    recall  f1-score   support

          0       0.98      0.99      0.99       980
          1       0.99      1.00      0.99      1135
          2       0.98      0.98      0.98      1032
          3       0.99      0.99      0.99      1010
          4       0.99      0.99      0.99       982
          5       0.99      0.98      0.99       892
          6       0.99      0.98      0.99       958
          7       0.98      0.98      0.98      1028
          8       0.99      0.97      0.98       974
          9       0.97      0.98      0.98      1009

avg / total       0.98      0.98      0.98     10000

**************************************************
   Model: cnet
Training: standard-mnist-train-crop[20000]
 Testing: §mnist-gen-DGAN-test

             precision    recall  f1-score   support

          0       1.00      1.00      1.00       571
          1       0.96      0.98      0.97       592
          2       0.96      0.97      0.97       564
          3       0.99      1.00      0.99       608
          4       0.99      1.00      0.99       595
          5       1.00      0.99      1.00       607
          6       1.00      1.00      1.00       604
          7       1.00      0.95      0.98       612
          8       0.99      1.00      1.00       629
          9       0.99      0.99      0.99       621

avg / total       0.99      0.99      0.99      6003

**************************************************
   Model: cnet
Training: standard-mnist-train-crop[20000]
 Testing: §mnist-gen-DGAN

             precision    recall  f1-score   support

          0       1.00      1.00      1.00      2001
          1       0.97      0.99      0.98      2001
          2       0.97      0.97      0.97      2001
          3       0.98      1.00      0.99      2001
          4       0.99      1.00      0.99      2001
          5       1.00      0.98      0.99      2001
          6       0.99      1.00      1.00      2001
          7       1.00      0.97      0.98      2001
          8       0.99      1.00      1.00      2001
          9       0.99      0.98      0.98      2001

avg / total       0.99      0.99      0.99     20010

**************************************************
   Model: cnet
Training: §mnist-gen-DGAN
 Testing: standard-mnist-test

             precision    recall  f1-score   support

          0       0.91      0.99      0.95       980
          1       0.95      0.99      0.97      1135
          2       0.95      0.85      0.90      1032
          3       0.91      0.90      0.91      1010
          4       0.96      0.91      0.93       982
          5       0.89      0.90      0.90       892
          6       0.93      0.96      0.94       958
          7       0.91      0.94      0.92      1028
          8       0.92      0.83      0.87       974
          9       0.89      0.92      0.90      1009

avg / total       0.92      0.92      0.92     10000

**************************************************
   Model: cnet
Training: §mnist-gen-DGAN
 Testing: standard-mnist-all

             precision    recall  f1-score   support

          0       0.91      0.99      0.95      6903
          1       0.93      0.99      0.96      7877
          2       0.95      0.84      0.89      6990
          3       0.90      0.89      0.90      7141
          4       0.95      0.90      0.92      6824
          5       0.88      0.89      0.89      6313
          6       0.92      0.96      0.94      6876
          7       0.90      0.94      0.92      7293
          8       0.92      0.81      0.86      6825
          9       0.86      0.91      0.88      6958

avg / total       0.91      0.91      0.91     70000
