
**************************************************
   Model: linsvc
Training: §mnist-gen-DGAN-train
 Testing: standard-mnist-train-crop[20000]

             precision    recall  f1-score   support

          0       0.85      0.93      0.89      1960
          1       0.79      0.97      0.87      2197
          2       0.91      0.70      0.79      1994
          3       0.73      0.82      0.77      2127
          4       0.83      0.81      0.82      1921
          5       0.74      0.58      0.65      1851
          6       0.88      0.92      0.90      2028
          7       0.82      0.89      0.85      2047
          8       0.71      0.61      0.65      1943
          9       0.73      0.74      0.74      1932

avg / total       0.80      0.80      0.80     20000

**************************************************
   Model: linsvc
Training: §mnist-gen-DGAN-train
 Testing: standard-mnist-test

             precision    recall  f1-score   support

          0       0.87      0.93      0.90       980
          1       0.82      0.99      0.89      1135
          2       0.90      0.69      0.78      1032
          3       0.71      0.84      0.77      1010
          4       0.83      0.82      0.83       982
          5       0.72      0.60      0.65       892
          6       0.88      0.91      0.90       958
          7       0.84      0.89      0.86      1028
          8       0.71      0.60      0.65       974
          9       0.76      0.73      0.75      1009

avg / total       0.80      0.80      0.80     10000

**************************************************
   Model: linsvc
Training: §mnist-gen-DGAN-train
 Testing: §mnist-gen-DGAN-test

             precision    recall  f1-score   support

          0       1.00      1.00      1.00       553
          1       0.99      1.00      1.00       636
          2       1.00      0.99      1.00       607
          3       0.99      1.00      1.00       600
          4       0.99      1.00      1.00       599
          5       1.00      0.99      0.99       634
          6       1.00      1.00      1.00       596
          7       0.99      0.99      0.99       599
          8       0.99      0.99      0.99       565
          9       1.00      0.99      0.99       614

avg / total       1.00      1.00      1.00      6003

**************************************************
   Model: linsvc
Training: standard-mnist-train-crop[20000]
 Testing: standard-mnist-test

             precision    recall  f1-score   support

          0       0.92      0.97      0.94       980
          1       0.94      0.96      0.95      1135
          2       0.87      0.88      0.88      1032
          3       0.84      0.85      0.84      1010
          4       0.88      0.89      0.89       982
          5       0.76      0.84      0.80       892
          6       0.92      0.92      0.92       958
          7       0.88      0.90      0.89      1028
          8       0.86      0.70      0.77       974
          9       0.87      0.85      0.86      1009

avg / total       0.88      0.88      0.88     10000

**************************************************
   Model: linsvc
Training: standard-mnist-train-crop[20000]
 Testing: §mnist-gen-DGAN-test

             precision    recall  f1-score   support

          0       0.91      0.90      0.91       553
          1       0.86      0.93      0.89       636
          2       0.74      0.86      0.79       607
          3       0.74      0.80      0.77       600
          4       0.91      0.90      0.90       599
          5       0.70      0.60      0.65       634
          6       0.97      0.93      0.95       596
          7       0.86      0.86      0.86       599
          8       0.80      0.82      0.81       565
          9       0.90      0.77      0.83       614

avg / total       0.84      0.84      0.84      6003

**************************************************
   Model: linsvc
Training: standard-mnist-train-crop[20000]
 Testing: §mnist-gen-DGAN

             precision    recall  f1-score   support

          0       0.92      0.91      0.91      2001
          1       0.86      0.93      0.90      2001
          2       0.75      0.87      0.80      2001
          3       0.74      0.78      0.76      2001
          4       0.91      0.90      0.90      2001
          5       0.70      0.62      0.66      2001
          6       0.96      0.94      0.95      2001
          7       0.87      0.86      0.86      2001
          8       0.80      0.83      0.81      2001
          9       0.91      0.77      0.84      2001

avg / total       0.84      0.84      0.84     20010

**************************************************
   Model: linsvc
Training: §mnist-gen-DGAN
 Testing: standard-mnist-test

             precision    recall  f1-score   support

          0       0.89      0.94      0.91       980
          1       0.84      0.98      0.91      1135
          2       0.88      0.73      0.80      1032
          3       0.74      0.83      0.78      1010
          4       0.84      0.81      0.82       982
          5       0.72      0.63      0.67       892
          6       0.87      0.92      0.90       958
          7       0.79      0.89      0.83      1028
          8       0.71      0.59      0.65       974
          9       0.75      0.71      0.73      1009

avg / total       0.81      0.81      0.80     10000

**************************************************
   Model: linsvc
Training: §mnist-gen-DGAN
 Testing: standard-mnist-all

             precision    recall  f1-score   support

          0       0.88      0.93      0.90      6903
          1       0.82      0.97      0.89      7877
          2       0.87      0.74      0.80      6990
          3       0.74      0.82      0.78      7141
          4       0.86      0.80      0.83      6824
          5       0.72      0.61      0.66      6313
          6       0.87      0.93      0.90      6876
          7       0.78      0.90      0.83      7293
          8       0.70      0.58      0.63      6825
          9       0.72      0.69      0.70      6958

avg / total       0.80      0.80      0.80     70000
