
**************************************************
   Model: linsvc
Training: §mnist-gen-DGAN-train
 Testing: standard-mnist-train-crop[20000]

             precision    recall  f1-score   support

          0       0.89      0.91      0.90      2030
          1       0.82      0.97      0.89      2252
          2       0.89      0.72      0.80      1976
          3       0.73      0.82      0.77      2013
          4       0.88      0.78      0.83      1889
          5       0.72      0.61      0.66      1787
          6       0.86      0.93      0.89      1917
          7       0.79      0.89      0.83      2196
          8       0.68      0.59      0.63      1956
          9       0.72      0.73      0.72      1984

avg / total       0.80      0.80      0.80     20000

**************************************************
   Model: linsvc
Training: §mnist-gen-DGAN-train
 Testing: standard-mnist-test

             precision    recall  f1-score   support

          0       0.89      0.93      0.91       980
          1       0.85      0.98      0.91      1135
          2       0.89      0.71      0.79      1032
          3       0.75      0.82      0.78      1010
          4       0.87      0.80      0.83       982
          5       0.72      0.65      0.68       892
          6       0.87      0.93      0.90       958
          7       0.80      0.89      0.84      1028
          8       0.72      0.63      0.67       974
          9       0.76      0.76      0.76      1009

avg / total       0.81      0.81      0.81     10000

**************************************************
   Model: linsvc
Training: §mnist-gen-DGAN-train
 Testing: §mnist-gen-DGAN-test

             precision    recall  f1-score   support

          0       1.00      1.00      1.00       627
          1       1.00      1.00      1.00       618
          2       1.00      0.99      1.00       600
          3       1.00      1.00      1.00       579
          4       1.00      1.00      1.00       575
          5       0.99      1.00      1.00       619
          6       1.00      1.00      1.00       632
          7       0.99      1.00      0.99       571
          8       1.00      0.99      0.99       595
          9       0.99      0.99      0.99       587

avg / total       1.00      1.00      1.00      6003

**************************************************
   Model: linsvc
Training: standard-mnist-train-crop[20000]
 Testing: standard-mnist-test

             precision    recall  f1-score   support

          0       0.93      0.95      0.94       980
          1       0.93      0.97      0.95      1135
          2       0.92      0.83      0.87      1032
          3       0.87      0.76      0.81      1010
          4       0.94      0.84      0.89       982
          5       0.62      0.90      0.74       892
          6       0.90      0.93      0.91       958
          7       0.91      0.88      0.89      1028
          8       0.89      0.54      0.67       974
          9       0.74      0.90      0.81      1009

avg / total       0.87      0.85      0.85     10000

**************************************************
   Model: linsvc
Training: standard-mnist-train-crop[20000]
 Testing: §mnist-gen-DGAN-test

             precision    recall  f1-score   support

          0       0.90      0.88      0.89       627
          1       0.69      0.92      0.79       618
          2       0.84      0.66      0.73       600
          3       0.69      0.81      0.74       579
          4       0.94      0.87      0.91       575
          5       0.56      0.64      0.60       619
          6       0.94      0.93      0.93       632
          7       0.79      0.82      0.81       571
          8       0.75      0.42      0.54       595
          9       0.80      0.85      0.83       587

avg / total       0.79      0.78      0.78      6003

**************************************************
   Model: linsvc
Training: standard-mnist-train-crop[20000]
 Testing: §mnist-gen-DGAN

             precision    recall  f1-score   support

          0       0.89      0.89      0.89      2001
          1       0.70      0.92      0.79      2001
          2       0.83      0.69      0.75      2001
          3       0.68      0.80      0.74      2001
          4       0.96      0.89      0.92      2001
          5       0.55      0.63      0.59      2001
          6       0.93      0.92      0.93      2001
          7       0.82      0.81      0.81      2001
          8       0.77      0.44      0.56      2001
          9       0.81      0.87      0.84      2001

avg / total       0.79      0.79      0.78     20010

**************************************************
   Model: linsvc
Training: §mnist-gen-DGAN
 Testing: standard-mnist-test

             precision    recall  f1-score   support

          0       0.89      0.94      0.91       980
          1       0.84      0.98      0.91      1135
          2       0.88      0.73      0.80      1032
          3       0.74      0.83      0.78      1010
          4       0.84      0.81      0.83       982
          5       0.72      0.63      0.67       892
          6       0.87      0.92      0.90       958
          7       0.79      0.88      0.83      1028
          8       0.71      0.59      0.65       974
          9       0.75      0.72      0.73      1009

avg / total       0.81      0.81      0.80     10000

**************************************************
   Model: linsvc
Training: §mnist-gen-DGAN
 Testing: standard-mnist-all

             precision    recall  f1-score   support

          0       0.88      0.93      0.90      6903
          1       0.82      0.97      0.89      7877
          2       0.87      0.74      0.80      6990
          3       0.74      0.82      0.78      7141
          4       0.86      0.80      0.83      6824
          5       0.72      0.61      0.66      6313
          6       0.87      0.93      0.90      6876
          7       0.78      0.90      0.83      7293
          8       0.70      0.58      0.63      6825
          9       0.72      0.69      0.71      6958

avg / total       0.80      0.80      0.80     70000
