
**************************************************
   Model: cnet
Training: §mnist-gen-DGAN-train
 Testing: standard-mnist-train-crop[20000]

             precision    recall  f1-score   support

          0       0.92      0.99      0.95      1940
          1       0.94      0.98      0.96      2309
          2       0.95      0.84      0.89      1989
          3       0.88      0.87      0.87      1994
          4       0.94      0.93      0.93      1953
          5       0.89      0.89      0.89      1853
          6       0.93      0.95      0.94      1973
          7       0.90      0.95      0.92      2059
          8       0.92      0.82      0.87      1982
          9       0.88      0.93      0.90      1948

avg / total       0.91      0.91      0.91     20000

**************************************************
   Model: cnet
Training: §mnist-gen-DGAN-train
 Testing: standard-mnist-test

             precision    recall  f1-score   support

          0       0.91      0.99      0.95       980
          1       0.96      0.99      0.97      1135
          2       0.97      0.84      0.90      1032
          3       0.89      0.88      0.89      1010
          4       0.93      0.91      0.92       982
          5       0.89      0.91      0.90       892
          6       0.93      0.95      0.94       958
          7       0.89      0.94      0.92      1028
          8       0.92      0.84      0.88       974
          9       0.89      0.93      0.91      1009

avg / total       0.92      0.92      0.92     10000

**************************************************
   Model: cnet
Training: §mnist-gen-DGAN-train
 Testing: §mnist-gen-DGAN-test

             precision    recall  f1-score   support

          0       1.00      1.00      1.00       581
          1       1.00      1.00      1.00       590
          2       1.00      1.00      1.00       634
          3       1.00      1.00      1.00       620
          4       0.99      1.00      1.00       605
          5       1.00      1.00      1.00       592
          6       1.00      1.00      1.00       586
          7       1.00      1.00      1.00       594
          8       1.00      0.99      1.00       585
          9       1.00      0.99      1.00       616

avg / total       1.00      1.00      1.00      6003

**************************************************
   Model: cnet
Training: standard-mnist-train-crop[20000]
 Testing: standard-mnist-test

             precision    recall  f1-score   support

          0       0.97      0.99      0.98       980
          1       0.98      0.99      0.99      1135
          2       0.98      0.97      0.98      1032
          3       0.98      0.99      0.98      1010
          4       0.99      0.98      0.99       982
          5       0.98      0.99      0.98       892
          6       0.99      0.98      0.98       958
          7       0.98      0.98      0.98      1028
          8       0.98      0.98      0.98       974
          9       0.98      0.97      0.98      1009

avg / total       0.98      0.98      0.98     10000

**************************************************
   Model: cnet
Training: standard-mnist-train-crop[20000]
 Testing: §mnist-gen-DGAN-test

             precision    recall  f1-score   support

          0       1.00      1.00      1.00       581
          1       0.99      1.00      0.99       590
          2       0.98      1.00      0.99       634
          3       0.96      0.91      0.94       620
          4       0.98      0.96      0.97       605
          5       0.98      0.99      0.98       592
          6       1.00      1.00      1.00       586
          7       0.97      0.97      0.97       594
          8       0.99      0.98      0.98       585
          9       0.96      0.99      0.97       616

avg / total       0.98      0.98      0.98      6003

**************************************************
   Model: cnet
Training: standard-mnist-train-crop[20000]
 Testing: §mnist-gen-DGAN

             precision    recall  f1-score   support

          0       1.00      1.00      1.00      2001
          1       0.99      1.00      0.99      2001
          2       0.98      1.00      0.99      2001
          3       0.94      0.92      0.93      2001
          4       0.98      0.97      0.98      2001
          5       0.98      0.99      0.98      2001
          6       1.00      1.00      1.00      2001
          7       0.97      0.96      0.96      2001
          8       0.99      0.97      0.98      2001
          9       0.96      1.00      0.98      2001

avg / total       0.98      0.98      0.98     20010

**************************************************
   Model: cnet
Training: §mnist-gen-DGAN
 Testing: standard-mnist-test

             precision    recall  f1-score   support

          0       0.92      0.99      0.95       980
          1       0.96      0.99      0.98      1135
          2       0.97      0.84      0.90      1032
          3       0.86      0.93      0.90      1010
          4       0.94      0.92      0.93       982
          5       0.91      0.92      0.91       892
          6       0.96      0.95      0.95       958
          7       0.91      0.93      0.92      1028
          8       0.93      0.84      0.89       974
          9       0.89      0.93      0.91      1009

avg / total       0.93      0.92      0.92     10000

**************************************************
   Model: cnet
Training: §mnist-gen-DGAN
 Testing: standard-mnist-all

             precision    recall  f1-score   support

          0       0.93      0.99      0.96      6903
          1       0.95      0.98      0.97      7877
          2       0.96      0.84      0.90      6990
          3       0.86      0.91      0.88      7141
          4       0.94      0.92      0.93      6824
          5       0.89      0.91      0.90      6313
          6       0.95      0.95      0.95      6876
          7       0.91      0.93      0.92      7293
          8       0.92      0.83      0.87      6825
          9       0.88      0.93      0.90      6958

avg / total       0.92      0.92      0.92     70000

**************************************************
   Model: cnet
Training: §mnist-gen-DGAN-train
 Testing: standard-mnist-train-crop[20000]

             precision    recall  f1-score   support

          0       0.89      0.97      0.93      2013
          1       0.92      0.97      0.94      2221
          2       0.90      0.82      0.86      2017
          3       0.87      0.84      0.86      1992
          4       0.92      0.88      0.90      1897
          5       0.86      0.85      0.85      1788
          6       0.90      0.95      0.92      2068
          7       0.88      0.91      0.89      2099
          8       0.87      0.77      0.82      1908
          9       0.86      0.88      0.87      1997

avg / total       0.89      0.89      0.89     20000

**************************************************
   Model: cnet
Training: §mnist-gen-DGAN-train
 Testing: standard-mnist-test

             precision    recall  f1-score   support

          0       0.88      0.98      0.92       980
          1       0.94      0.98      0.96      1135
          2       0.91      0.81      0.86      1032
          3       0.88      0.86      0.87      1010
          4       0.92      0.89      0.90       982
          5       0.87      0.87      0.87       892
          6       0.90      0.93      0.91       958
          7       0.88      0.91      0.89      1028
          8       0.87      0.79      0.83       974
          9       0.89      0.91      0.90      1009

avg / total       0.89      0.89      0.89     10000

**************************************************
   Model: cnet
Training: §mnist-gen-DGAN-train
 Testing: §mnist-gen-DGAN-test

             precision    recall  f1-score   support

          0       1.00      1.00      1.00       600
          1       0.99      1.00      1.00       575
          2       1.00      0.99      1.00       573
          3       0.99      0.99      0.99       612
          4       1.00      0.99      0.99       631
          5       0.99      0.99      0.99       590
          6       1.00      1.00      1.00       601
          7       0.99      0.99      0.99       602
          8       0.99      0.99      0.99       623
          9       0.99      1.00      0.99       596

avg / total       0.99      0.99      0.99      6003

**************************************************
   Model: cnet
Training: standard-mnist-train-crop[20000]
 Testing: standard-mnist-test

             precision    recall  f1-score   support

          0       0.97      0.99      0.98       980
          1       0.99      0.99      0.99      1135
          2       0.97      0.97      0.97      1032
          3       0.97      0.98      0.98      1010
          4       0.99      0.98      0.98       982
          5       0.97      0.98      0.97       892
          6       0.98      0.98      0.98       958
          7       0.97      0.98      0.97      1028
          8       0.97      0.97      0.97       974
          9       0.98      0.95      0.97      1009

avg / total       0.98      0.98      0.98     10000

**************************************************
   Model: cnet
Training: standard-mnist-train-crop[20000]
 Testing: §mnist-gen-DGAN-test

             precision    recall  f1-score   support

          0       1.00      0.99      0.99       600
          1       0.99      0.99      0.99       575
          2       0.95      0.99      0.97       573
          3       0.93      0.93      0.93       612
          4       0.99      0.95      0.97       631
          5       0.97      0.98      0.98       590
          6       1.00      1.00      1.00       601
          7       0.97      0.95      0.96       602
          8       0.98      0.95      0.96       623
          9       0.95      0.99      0.97       596

avg / total       0.97      0.97      0.97      6003

**************************************************
   Model: cnet
Training: standard-mnist-train-crop[20000]
 Testing: §mnist-gen-DGAN

             precision    recall  f1-score   support

          0       1.00      0.99      0.99      2001
          1       0.98      1.00      0.99      2001
          2       0.97      0.99      0.98      2001
          3       0.93      0.93      0.93      2001
          4       0.98      0.96      0.97      2001
          5       0.98      0.98      0.98      2001
          6       1.00      1.00      1.00      2001
          7       0.97      0.95      0.96      2001
          8       0.97      0.95      0.96      2001
          9       0.95      0.99      0.97      2001

avg / total       0.97      0.97      0.97     20010

**************************************************
   Model: cnet
Training: §mnist-gen-DGAN
 Testing: standard-mnist-test

             precision    recall  f1-score   support

          0       0.89      0.98      0.93       980
          1       0.94      0.98      0.96      1135
          2       0.93      0.82      0.87      1032
          3       0.88      0.86      0.87      1010
          4       0.91      0.90      0.91       982
          5       0.91      0.85      0.88       892
          6       0.92      0.93      0.93       958
          7       0.87      0.92      0.89      1028
          8       0.87      0.82      0.85       974
          9       0.87      0.91      0.89      1009

avg / total       0.90      0.90      0.90     10000

**************************************************
   Model: cnet
Training: §mnist-gen-DGAN
 Testing: standard-mnist-all

             precision    recall  f1-score   support

          0       0.90      0.98      0.94      6903
          1       0.93      0.98      0.95      7877
          2       0.92      0.82      0.87      6990
          3       0.87      0.84      0.85      7141
          4       0.91      0.90      0.90      6824
          5       0.91      0.83      0.87      6313
          6       0.92      0.95      0.93      6876
          7       0.88      0.92      0.90      7293
          8       0.87      0.82      0.85      6825
          9       0.84      0.91      0.88      6958

avg / total       0.90      0.90      0.90     70000
