
**************************************************
   Model: cnet
Training: §mnist-gen-DGAN-train
 Testing: standard-mnist-train-crop[20000]

             precision    recall  f1-score   support

          0       0.90      0.98      0.94      2006
          1       0.88      0.99      0.93      2283
          2       0.93      0.86      0.89      1970
          3       0.89      0.87      0.88      2028
          4       0.95      0.88      0.91      1930
          5       0.83      0.89      0.86      1794
          6       0.93      0.95      0.94      2021
          7       0.90      0.92      0.91      2119
          8       0.94      0.69      0.80      1922
          9       0.81      0.89      0.85      1927

avg / total       0.90      0.89      0.89     20000

**************************************************
   Model: cnet
Training: §mnist-gen-DGAN-train
 Testing: standard-mnist-test

             precision    recall  f1-score   support

          0       0.89      0.98      0.94       980
          1       0.91      0.99      0.95      1135
          2       0.93      0.86      0.89      1032
          3       0.90      0.86      0.88      1010
          4       0.95      0.89      0.92       982
          5       0.84      0.90      0.87       892
          6       0.93      0.95      0.94       958
          7       0.90      0.91      0.91      1028
          8       0.93      0.74      0.82       974
          9       0.84      0.91      0.87      1009

avg / total       0.90      0.90      0.90     10000

**************************************************
   Model: cnet
Training: §mnist-gen-DGAN-train
 Testing: §mnist-gen-DGAN-test

             precision    recall  f1-score   support

          0       1.00      1.00      1.00       581
          1       1.00      1.00      1.00       609
          2       1.00      1.00      1.00       598
          3       0.99      1.00      1.00       608
          4       1.00      1.00      1.00       583
          5       1.00      1.00      1.00       590
          6       1.00      1.00      1.00       618
          7       1.00      0.99      1.00       616
          8       1.00      0.99      1.00       613
          9       0.99      1.00      1.00       587

avg / total       1.00      1.00      1.00      6003

**************************************************
   Model: cnet
Training: standard-mnist-train-crop[20000]
 Testing: standard-mnist-test

             precision    recall  f1-score   support

          0       0.97      0.99      0.98       980
          1       0.98      1.00      0.99      1135
          2       0.98      0.97      0.98      1032
          3       0.99      0.98      0.99      1010
          4       0.98      0.99      0.99       982
          5       0.99      0.99      0.99       892
          6       0.99      0.98      0.99       958
          7       0.98      0.98      0.98      1028
          8       0.98      0.98      0.98       974
          9       0.99      0.97      0.98      1009

avg / total       0.98      0.98      0.98     10000

**************************************************
   Model: cnet
Training: standard-mnist-train-crop[20000]
 Testing: §mnist-gen-DGAN-test

             precision    recall  f1-score   support

          0       1.00      1.00      1.00       581
          1       0.97      0.99      0.98       609
          2       0.97      0.98      0.97       598
          3       0.97      1.00      0.99       608
          4       0.99      1.00      0.99       583
          5       0.99      0.99      0.99       590
          6       0.99      1.00      1.00       618
          7       1.00      0.96      0.98       616
          8       1.00      0.99      0.99       613
          9       1.00      0.96      0.98       587

avg / total       0.99      0.99      0.99      6003

**************************************************
   Model: cnet
Training: standard-mnist-train-crop[20000]
 Testing: §mnist-gen-DGAN

             precision    recall  f1-score   support

          0       1.00      1.00      1.00      2001
          1       0.96      0.99      0.98      2001
          2       0.97      0.97      0.97      2001
          3       0.97      1.00      0.98      2001
          4       0.98      1.00      0.99      2001
          5       0.99      0.98      0.99      2001
          6       0.99      1.00      1.00      2001
          7       1.00      0.96      0.98      2001
          8       1.00      1.00      1.00      2001
          9       1.00      0.97      0.98      2001

avg / total       0.99      0.99      0.99     20010

**************************************************
   Model: cnet
Training: §mnist-gen-DGAN
 Testing: standard-mnist-test

             precision    recall  f1-score   support

          0       0.95      0.98      0.96       980
          1       0.95      0.99      0.97      1135
          2       0.95      0.85      0.90      1032
          3       0.88      0.93      0.91      1010
          4       0.96      0.91      0.93       982
          5       0.89      0.90      0.89       892
          6       0.91      0.97      0.94       958
          7       0.90      0.95      0.92      1028
          8       0.93      0.83      0.88       974
          9       0.90      0.91      0.91      1009

avg / total       0.92      0.92      0.92     10000

**************************************************
   Model: cnet
Training: §mnist-gen-DGAN
 Testing: standard-mnist-all

             precision    recall  f1-score   support

          0       0.95      0.97      0.96      6903
          1       0.93      0.99      0.96      7877
          2       0.95      0.84      0.90      6990
          3       0.88      0.92      0.90      7141
          4       0.96      0.89      0.93      6824
          5       0.88      0.88      0.88      6313
          6       0.91      0.97      0.94      6876
          7       0.89      0.96      0.92      7293
          8       0.93      0.80      0.86      6825
          9       0.87      0.90      0.89      6958

avg / total       0.92      0.91      0.91     70000
