
**************************************************
   Model: linsvc
Training: §mnist-gen-DGAN-train
 Testing: standard-mnist-train-crop[20000]

             precision    recall  f1-score   support

          0       0.89      0.93      0.91      1933
          1       0.81      0.97      0.88      2283
          2       0.85      0.72      0.78      1962
          3       0.74      0.80      0.77      1995
          4       0.87      0.81      0.84      1959
          5       0.72      0.62      0.67      1788
          6       0.86      0.92      0.89      1954
          7       0.79      0.88      0.84      2138
          8       0.69      0.57      0.63      2019
          9       0.73      0.69      0.71      1969

avg / total       0.80      0.80      0.79     20000

**************************************************
   Model: linsvc
Training: §mnist-gen-DGAN-train
 Testing: standard-mnist-test

             precision    recall  f1-score   support

          0       0.89      0.93      0.91       980
          1       0.83      0.98      0.90      1135
          2       0.87      0.71      0.79      1032
          3       0.75      0.84      0.79      1010
          4       0.84      0.80      0.82       982
          5       0.71      0.66      0.69       892
          6       0.88      0.92      0.90       958
          7       0.80      0.89      0.84      1028
          8       0.72      0.59      0.65       974
          9       0.75      0.72      0.73      1009

avg / total       0.81      0.81      0.80     10000

**************************************************
   Model: linsvc
Training: §mnist-gen-DGAN-train
 Testing: §mnist-gen-DGAN-test

             precision    recall  f1-score   support

          0       1.00      1.00      1.00       596
          1       1.00      1.00      1.00       587
          2       1.00      1.00      1.00       605
          3       1.00      1.00      1.00       574
          4       0.99      1.00      1.00       608
          5       1.00      1.00      1.00       611
          6       1.00      1.00      1.00       611
          7       0.99      0.99      0.99       593
          8       1.00      1.00      1.00       629
          9       1.00      0.99      1.00       589

avg / total       1.00      1.00      1.00      6003

**************************************************
   Model: linsvc
Training: standard-mnist-train-crop[20000]
 Testing: standard-mnist-test

             precision    recall  f1-score   support

          0       0.93      0.95      0.94       980
          1       0.96      0.96      0.96      1135
          2       0.87      0.88      0.87      1032
          3       0.87      0.84      0.86      1010
          4       0.88      0.89      0.88       982
          5       0.61      0.90      0.73       892
          6       0.93      0.91      0.92       958
          7       0.89      0.90      0.89      1028
          8       0.94      0.40      0.57       974
          9       0.78      0.88      0.83      1009

avg / total       0.87      0.85      0.85     10000

**************************************************
   Model: linsvc
Training: standard-mnist-train-crop[20000]
 Testing: §mnist-gen-DGAN-test

             precision    recall  f1-score   support

          0       0.92      0.91      0.92       596
          1       0.79      0.94      0.86       587
          2       0.85      0.92      0.88       605
          3       0.85      0.82      0.83       574
          4       0.92      0.94      0.93       608
          5       0.59      0.77      0.67       611
          6       0.95      0.96      0.96       611
          7       0.87      0.86      0.86       593
          8       0.91      0.50      0.64       629
          9       0.91      0.85      0.88       589

avg / total       0.86      0.84      0.84      6003

**************************************************
   Model: linsvc
Training: standard-mnist-train-crop[20000]
 Testing: §mnist-gen-DGAN

             precision    recall  f1-score   support

          0       0.93      0.92      0.92      2001
          1       0.80      0.93      0.86      2001
          2       0.85      0.92      0.88      2001
          3       0.85      0.82      0.83      2001
          4       0.90      0.93      0.92      2001
          5       0.59      0.74      0.66      2001
          6       0.95      0.95      0.95      2001
          7       0.87      0.87      0.87      2001
          8       0.89      0.50      0.64      2001
          9       0.91      0.86      0.88      2001

avg / total       0.85      0.84      0.84     20010

**************************************************
   Model: linsvc
Training: §mnist-gen-DGAN
 Testing: standard-mnist-test

             precision    recall  f1-score   support

          0       0.89      0.94      0.91       980
          1       0.84      0.98      0.91      1135
          2       0.88      0.73      0.80      1032
          3       0.74      0.83      0.78      1010
          4       0.84      0.81      0.83       982
          5       0.72      0.63      0.67       892
          6       0.87      0.92      0.90       958
          7       0.79      0.89      0.83      1028
          8       0.71      0.59      0.65       974
          9       0.75      0.71      0.73      1009

avg / total       0.81      0.81      0.80     10000

**************************************************
   Model: linsvc
Training: §mnist-gen-DGAN
 Testing: standard-mnist-all

             precision    recall  f1-score   support

          0       0.88      0.93      0.90      6903
          1       0.82      0.97      0.89      7877
          2       0.87      0.74      0.80      6990
          3       0.74      0.82      0.78      7141
          4       0.86      0.80      0.83      6824
          5       0.72      0.61      0.66      6313
          6       0.87      0.92      0.90      6876
          7       0.77      0.90      0.83      7293
          8       0.70      0.58      0.63      6825
          9       0.72      0.69      0.71      6958

avg / total       0.80      0.80      0.80     70000
