
**************************************************
   Model: cnet
Training: §mnist-gen-DGAN-train
 Testing: standard-mnist-train-crop[20000]

             precision    recall  f1-score   support

          0       0.92      0.98      0.95      1981
          1       0.93      0.98      0.95      2197
          2       0.91      0.89      0.90      2012
          3       0.87      0.87      0.87      2077
          4       0.93      0.89      0.91      1921
          5       0.88      0.80      0.84      1835
          6       0.91      0.96      0.93      1989
          7       0.83      0.96      0.89      2019
          8       0.90      0.78      0.84      1978
          9       0.88      0.84      0.86      1991

avg / total       0.90      0.90      0.89     20000

**************************************************
   Model: cnet
Training: §mnist-gen-DGAN-train
 Testing: standard-mnist-test

             precision    recall  f1-score   support

          0       0.91      0.99      0.95       980
          1       0.95      0.99      0.97      1135
          2       0.92      0.87      0.89      1032
          3       0.87      0.88      0.88      1010
          4       0.93      0.90      0.92       982
          5       0.90      0.84      0.87       892
          6       0.92      0.96      0.94       958
          7       0.84      0.95      0.89      1028
          8       0.89      0.79      0.84       974
          9       0.89      0.85      0.87      1009

avg / total       0.90      0.90      0.90     10000

**************************************************
   Model: cnet
Training: §mnist-gen-DGAN-train
 Testing: §mnist-gen-DGAN-test

             precision    recall  f1-score   support

          0       1.00      1.00      1.00       600
          1       1.00      1.00      1.00       620
          2       1.00      1.00      1.00       620
          3       1.00      1.00      1.00       628
          4       1.00      1.00      1.00       590
          5       0.99      0.99      0.99       572
          6       1.00      1.00      1.00       605
          7       0.98      1.00      0.99       601
          8       1.00      0.98      0.99       584
          9       0.99      0.99      0.99       583

avg / total       1.00      1.00      1.00      6003

**************************************************
   Model: cnet
Training: standard-mnist-train-crop[20000]
 Testing: standard-mnist-test

             precision    recall  f1-score   support

          0       0.98      0.99      0.99       980
          1       0.99      0.99      0.99      1135
          2       0.98      0.98      0.98      1032
          3       0.99      0.99      0.99      1010
          4       0.98      0.99      0.98       982
          5       0.99      0.99      0.99       892
          6       0.98      0.98      0.98       958
          7       0.99      0.98      0.99      1028
          8       0.97      0.98      0.98       974
          9       0.99      0.96      0.98      1009

avg / total       0.98      0.98      0.98     10000

**************************************************
   Model: cnet
Training: standard-mnist-train-crop[20000]
 Testing: §mnist-gen-DGAN-test

             precision    recall  f1-score   support

          0       1.00      1.00      1.00       600
          1       0.97      0.98      0.97       620
          2       0.96      0.97      0.97       620
          3       0.97      1.00      0.98       628
          4       0.98      1.00      0.99       590
          5       1.00      0.98      0.99       572
          6       1.00      1.00      1.00       605
          7       1.00      0.96      0.98       601
          8       0.99      1.00      0.99       584
          9       0.99      0.97      0.98       583

avg / total       0.99      0.99      0.99      6003

**************************************************
   Model: cnet
Training: standard-mnist-train-crop[20000]
 Testing: §mnist-gen-DGAN

             precision    recall  f1-score   support

          0       1.00      1.00      1.00      2001
          1       0.97      0.98      0.98      2001
          2       0.97      0.97      0.97      2001
          3       0.97      1.00      0.98      2001
          4       0.98      1.00      0.99      2001
          5       0.99      0.98      0.99      2001
          6       1.00      1.00      1.00      2001
          7       1.00      0.96      0.98      2001
          8       0.99      1.00      0.99      2001
          9       1.00      0.97      0.98      2001

avg / total       0.99      0.99      0.99     20010

**************************************************
   Model: cnet
Training: §mnist-gen-DGAN
 Testing: standard-mnist-test

             precision    recall  f1-score   support

          0       0.93      0.98      0.96       980
          1       0.97      0.99      0.98      1135
          2       0.92      0.85      0.88      1032
          3       0.91      0.85      0.88      1010
          4       0.94      0.91      0.93       982
          5       0.87      0.87      0.87       892
          6       0.91      0.96      0.94       958
          7       0.89      0.94      0.92      1028
          8       0.86      0.86      0.86       974
          9       0.89      0.89      0.89      1009

avg / total       0.91      0.91      0.91     10000

**************************************************
   Model: cnet
Training: §mnist-gen-DGAN
 Testing: standard-mnist-all

             precision    recall  f1-score   support

          0       0.93      0.98      0.96      6903
          1       0.95      0.98      0.97      7877
          2       0.93      0.85      0.89      6990
          3       0.92      0.85      0.88      7141
          4       0.94      0.91      0.92      6824
          5       0.87      0.86      0.87      6313
          6       0.91      0.96      0.93      6876
          7       0.89      0.95      0.92      7293
          8       0.87      0.86      0.86      6825
          9       0.87      0.88      0.88      6958

avg / total       0.91      0.91      0.91     70000
