
**************************************************
   Model: linsvc
Training: §mnist-gen-DGAN-train
 Testing: standard-mnist-train-crop[20000]

             precision    recall  f1-score   support

          0       0.86      0.94      0.90      1848
          1       0.81      0.97      0.88      2214
          2       0.86      0.74      0.80      2067
          3       0.77      0.83      0.80      2129
          4       0.86      0.79      0.82      1994
          5       0.73      0.59      0.65      1796
          6       0.89      0.91      0.90      1898
          7       0.75      0.91      0.82      2100
          8       0.68      0.55      0.61      1915
          9       0.70      0.66      0.68      2039

avg / total       0.79      0.79      0.79     20000

**************************************************
   Model: linsvc
Training: §mnist-gen-DGAN-train
 Testing: standard-mnist-test

             precision    recall  f1-score   support

          0       0.89      0.94      0.92       980
          1       0.84      0.97      0.90      1135
          2       0.87      0.73      0.79      1032
          3       0.77      0.84      0.80      1010
          4       0.83      0.82      0.83       982
          5       0.72      0.63      0.67       892
          6       0.88      0.92      0.90       958
          7       0.77      0.89      0.83      1028
          8       0.72      0.59      0.65       974
          9       0.75      0.69      0.72      1009

avg / total       0.80      0.81      0.80     10000

**************************************************
   Model: linsvc
Training: §mnist-gen-DGAN-train
 Testing: §mnist-gen-DGAN-test

             precision    recall  f1-score   support

          0       1.00      1.00      1.00       607
          1       1.00      1.00      1.00       589
          2       1.00      1.00      1.00       618
          3       1.00      1.00      1.00       618
          4       1.00      1.00      1.00       625
          5       1.00      0.99      0.99       591
          6       1.00      1.00      1.00       559
          7       0.99      0.99      0.99       603
          8       1.00      1.00      1.00       598
          9       1.00      0.99      0.99       595

avg / total       1.00      1.00      1.00      6003

**************************************************
   Model: linsvc
Training: standard-mnist-train-crop[20000]
 Testing: standard-mnist-test

             precision    recall  f1-score   support

          0       0.93      0.91      0.92       980
          1       0.94      0.96      0.95      1135
          2       0.84      0.86      0.85      1032
          3       0.91      0.79      0.85      1010
          4       0.92      0.83      0.88       982
          5       0.90      0.65      0.75       892
          6       0.92      0.91      0.91       958
          7       0.91      0.87      0.89      1028
          8       0.59      0.92      0.72       974
          9       0.85      0.84      0.84      1009

avg / total       0.87      0.86      0.86     10000

**************************************************
   Model: linsvc
Training: standard-mnist-train-crop[20000]
 Testing: §mnist-gen-DGAN-test

             precision    recall  f1-score   support

          0       0.90      0.91      0.90       607
          1       0.93      0.90      0.91       589
          2       0.75      0.92      0.83       618
          3       0.80      0.68      0.74       618
          4       0.88      0.80      0.84       625
          5       0.76      0.45      0.57       591
          6       0.95      0.91      0.93       559
          7       0.88      0.85      0.87       603
          8       0.57      0.96      0.71       598
          9       0.91      0.73      0.81       595

avg / total       0.83      0.81      0.81      6003

**************************************************
   Model: linsvc
Training: standard-mnist-train-crop[20000]
 Testing: §mnist-gen-DGAN

             precision    recall  f1-score   support

          0       0.89      0.89      0.89      2001
          1       0.91      0.90      0.90      2001
          2       0.77      0.91      0.84      2001
          3       0.82      0.69      0.75      2001
          4       0.88      0.81      0.84      2001
          5       0.74      0.45      0.56      2001
          6       0.95      0.90      0.93      2001
          7       0.88      0.87      0.88      2001
          8       0.55      0.96      0.70      2001
          9       0.90      0.73      0.81      2001

avg / total       0.83      0.81      0.81     20010

**************************************************
   Model: linsvc
Training: §mnist-gen-DGAN
 Testing: standard-mnist-test

             precision    recall  f1-score   support

          0       0.89      0.94      0.91       980
          1       0.84      0.98      0.90      1135
          2       0.88      0.73      0.80      1032
          3       0.74      0.83      0.78      1010
          4       0.84      0.81      0.83       982
          5       0.72      0.64      0.68       892
          6       0.87      0.92      0.90       958
          7       0.79      0.89      0.83      1028
          8       0.71      0.59      0.65       974
          9       0.75      0.71      0.73      1009

avg / total       0.81      0.81      0.80     10000

**************************************************
   Model: linsvc
Training: §mnist-gen-DGAN
 Testing: standard-mnist-all

             precision    recall  f1-score   support

          0       0.88      0.93      0.90      6903
          1       0.82      0.97      0.89      7877
          2       0.87      0.74      0.80      6990
          3       0.74      0.81      0.78      7141
          4       0.86      0.80      0.83      6824
          5       0.72      0.61      0.66      6313
          6       0.87      0.92      0.90      6876
          7       0.77      0.90      0.83      7293
          8       0.70      0.58      0.63      6825
          9       0.72      0.69      0.71      6958

avg / total       0.80      0.80      0.80     70000
