
**************************************************
   Model: linsvc
Training: §mnist-gen-DGAN-train
 Testing: standard-mnist-train-crop[20000]

             precision    recall  f1-score   support

          0       0.87      0.93      0.90      1934
          1       0.83      0.97      0.89      2244
          2       0.88      0.71      0.79      1928
          3       0.73      0.84      0.78      2079
          4       0.83      0.80      0.82      2010
          5       0.71      0.57      0.63      1840
          6       0.87      0.93      0.90      1975
          7       0.81      0.88      0.84      2106
          8       0.69      0.59      0.63      1876
          9       0.71      0.69      0.70      2008

avg / total       0.79      0.80      0.79     20000

**************************************************
   Model: linsvc
Training: §mnist-gen-DGAN-train
 Testing: standard-mnist-test

             precision    recall  f1-score   support

          0       0.88      0.93      0.90       980
          1       0.86      0.98      0.91      1135
          2       0.89      0.73      0.80      1032
          3       0.73      0.84      0.78      1010
          4       0.83      0.83      0.83       982
          5       0.72      0.61      0.66       892
          6       0.87      0.93      0.90       958
          7       0.83      0.88      0.85      1028
          8       0.71      0.59      0.64       974
          9       0.74      0.72      0.73      1009

avg / total       0.81      0.81      0.80     10000

**************************************************
   Model: linsvc
Training: §mnist-gen-DGAN-train
 Testing: §mnist-gen-DGAN-test

             precision    recall  f1-score   support

          0       1.00      1.00      1.00       586
          1       1.00      1.00      1.00       634
          2       1.00      1.00      1.00       608
          3       1.00      1.00      1.00       575
          4       0.99      1.00      0.99       626
          5       1.00      1.00      1.00       611
          6       1.00      1.00      1.00       603
          7       0.99      0.99      0.99       585
          8       0.99      0.99      0.99       600
          9       0.99      0.99      0.99       575

avg / total       1.00      1.00      1.00      6003

**************************************************
   Model: linsvc
Training: standard-mnist-train-crop[20000]
 Testing: standard-mnist-test

             precision    recall  f1-score   support

          0       0.91      0.96      0.93       980
          1       0.93      0.97      0.95      1135
          2       0.85      0.87      0.86      1032
          3       0.73      0.90      0.81      1010
          4       0.83      0.92      0.87       982
          5       0.89      0.66      0.76       892
          6       0.93      0.90      0.92       958
          7       0.87      0.90      0.88      1028
          8       0.88      0.62      0.73       974
          9       0.81      0.85      0.83      1009

avg / total       0.86      0.86      0.86     10000

**************************************************
   Model: linsvc
Training: standard-mnist-train-crop[20000]
 Testing: §mnist-gen-DGAN-test

             precision    recall  f1-score   support

          0       0.96      0.94      0.95       586
          1       0.91      0.94      0.92       634
          2       0.68      0.91      0.78       608
          3       0.70      0.93      0.80       575
          4       0.82      0.88      0.85       626
          5       0.75      0.39      0.51       611
          6       0.95      0.96      0.96       603
          7       0.90      0.88      0.89       585
          8       0.76      0.65      0.70       600
          9       0.88      0.82      0.85       575

avg / total       0.83      0.83      0.82      6003

**************************************************
   Model: linsvc
Training: standard-mnist-train-crop[20000]
 Testing: §mnist-gen-DGAN

             precision    recall  f1-score   support

          0       0.95      0.95      0.95      2001
          1       0.88      0.94      0.91      2001
          2       0.67      0.90      0.77      2001
          3       0.72      0.91      0.80      2001
          4       0.83      0.87      0.85      2001
          5       0.76      0.40      0.52      2001
          6       0.95      0.96      0.96      2001
          7       0.90      0.89      0.89      2001
          8       0.76      0.63      0.69      2001
          9       0.89      0.82      0.85      2001

avg / total       0.83      0.83      0.82     20010

**************************************************
   Model: linsvc
Training: §mnist-gen-DGAN
 Testing: standard-mnist-test

             precision    recall  f1-score   support

          0       0.89      0.94      0.91       980
          1       0.84      0.98      0.91      1135
          2       0.88      0.73      0.80      1032
          3       0.74      0.83      0.78      1010
          4       0.84      0.81      0.82       982
          5       0.72      0.64      0.68       892
          6       0.87      0.92      0.90       958
          7       0.79      0.89      0.83      1028
          8       0.71      0.59      0.65       974
          9       0.75      0.71      0.73      1009

avg / total       0.81      0.81      0.80     10000

**************************************************
   Model: linsvc
Training: §mnist-gen-DGAN
 Testing: standard-mnist-all

             precision    recall  f1-score   support

          0       0.88      0.93      0.90      6903
          1       0.82      0.97      0.89      7877
          2       0.87      0.74      0.80      6990
          3       0.74      0.82      0.78      7141
          4       0.86      0.80      0.83      6824
          5       0.72      0.61      0.66      6313
          6       0.87      0.93      0.90      6876
          7       0.77      0.90      0.83      7293
          8       0.70      0.58      0.63      6825
          9       0.72      0.69      0.71      6958

avg / total       0.80      0.80      0.80     70000
