
**************************************************
   Model: linsvc
Training: §mnist-gen-DGAN-train
 Testing: standard-mnist-train-crop[20000]

             precision    recall  f1-score   support

          0       0.88      0.93      0.91      2027
          1       0.78      0.97      0.87      2219
          2       0.86      0.71      0.78      2039
          3       0.74      0.81      0.77      2040
          4       0.86      0.82      0.84      1856
          5       0.73      0.52      0.61      1838
          6       0.86      0.92      0.89      1901
          7       0.80      0.88      0.84      2062
          8       0.69      0.61      0.65      1989
          9       0.75      0.74      0.75      2029

avg / total       0.79      0.80      0.79     20000

**************************************************
   Model: linsvc
Training: §mnist-gen-DGAN-train
 Testing: standard-mnist-test

             precision    recall  f1-score   support

          0       0.89      0.93      0.91       980
          1       0.81      0.98      0.89      1135
          2       0.87      0.72      0.79      1032
          3       0.75      0.84      0.79      1010
          4       0.84      0.81      0.83       982
          5       0.73      0.57      0.64       892
          6       0.85      0.92      0.88       958
          7       0.80      0.88      0.83      1028
          8       0.69      0.61      0.65       974
          9       0.77      0.74      0.75      1009

avg / total       0.80      0.80      0.80     10000

**************************************************
   Model: linsvc
Training: §mnist-gen-DGAN-train
 Testing: §mnist-gen-DGAN-test

             precision    recall  f1-score   support

          0       1.00      1.00      1.00       609
          1       1.00      1.00      1.00       609
          2       1.00      1.00      1.00       618
          3       1.00      1.00      1.00       595
          4       1.00      1.00      1.00       622
          5       1.00      0.99      0.99       632
          6       1.00      1.00      1.00       571
          7       1.00      0.99      0.99       576
          8       0.99      0.99      0.99       587
          9       0.99      1.00      0.99       584

avg / total       1.00      1.00      1.00      6003

**************************************************
   Model: linsvc
Training: standard-mnist-train-crop[20000]
 Testing: standard-mnist-test

             precision    recall  f1-score   support

          0       0.92      0.95      0.94       980
          1       0.95      0.96      0.95      1135
          2       0.89      0.81      0.85      1032
          3       0.89      0.83      0.86      1010
          4       0.93      0.82      0.87       982
          5       0.80      0.83      0.82       892
          6       0.93      0.91      0.92       958
          7       0.89      0.89      0.89      1028
          8       0.76      0.81      0.78       974
          9       0.77      0.90      0.83      1009

avg / total       0.88      0.87      0.87     10000

**************************************************
   Model: linsvc
Training: standard-mnist-train-crop[20000]
 Testing: §mnist-gen-DGAN-test

             precision    recall  f1-score   support

          0       0.92      0.92      0.92       609
          1       0.93      0.93      0.93       609
          2       0.85      0.82      0.83       618
          3       0.87      0.83      0.85       595
          4       0.91      0.84      0.88       622
          5       0.75      0.50      0.60       632
          6       0.87      0.96      0.92       571
          7       0.92      0.89      0.91       576
          8       0.67      0.94      0.78       587
          9       0.85      0.92      0.88       584

avg / total       0.86      0.85      0.85      6003

**************************************************
   Model: linsvc
Training: standard-mnist-train-crop[20000]
 Testing: §mnist-gen-DGAN

             precision    recall  f1-score   support

          0       0.92      0.92      0.92      2001
          1       0.93      0.93      0.93      2001
          2       0.84      0.81      0.82      2001
          3       0.87      0.82      0.85      2001
          4       0.91      0.85      0.88      2001
          5       0.77      0.52      0.62      2001
          6       0.89      0.97      0.93      2001
          7       0.92      0.89      0.91      2001
          8       0.69      0.94      0.79      2001
          9       0.86      0.91      0.88      2001

avg / total       0.86      0.86      0.85     20010

**************************************************
   Model: linsvc
Training: §mnist-gen-DGAN
 Testing: standard-mnist-test

             precision    recall  f1-score   support

          0       0.89      0.94      0.91       980
          1       0.84      0.98      0.91      1135
          2       0.88      0.73      0.80      1032
          3       0.74      0.83      0.78      1010
          4       0.84      0.81      0.82       982
          5       0.72      0.63      0.68       892
          6       0.87      0.92      0.90       958
          7       0.79      0.89      0.83      1028
          8       0.71      0.59      0.65       974
          9       0.75      0.71      0.73      1009

avg / total       0.81      0.81      0.80     10000

**************************************************
   Model: linsvc
Training: §mnist-gen-DGAN
 Testing: standard-mnist-all

             precision    recall  f1-score   support

          0       0.88      0.93      0.90      6903
          1       0.82      0.97      0.89      7877
          2       0.87      0.74      0.80      6990
          3       0.74      0.82      0.78      7141
          4       0.86      0.80      0.83      6824
          5       0.72      0.61      0.66      6313
          6       0.87      0.93      0.90      6876
          7       0.77      0.90      0.83      7293
          8       0.70      0.58      0.63      6825
          9       0.72      0.69      0.70      6958

avg / total       0.80      0.80      0.80     70000
