
**************************************************
   Model: cnet
Training: §mnist-gen-DGAN-train
 Testing: standard-mnist-train-crop[20000]

             precision    recall  f1-score   support

          0       0.92      0.98      0.95      1954
          1       0.93      0.99      0.96      2279
          2       0.95      0.83      0.89      2015
          3       0.87      0.91      0.89      2022
          4       0.97      0.86      0.91      1982
          5       0.88      0.86      0.87      1809
          6       0.93      0.95      0.94      1958
          7       0.84      0.96      0.89      2055
          8       0.92      0.80      0.86      1943
          9       0.85      0.88      0.87      1983

avg / total       0.91      0.90      0.90     20000

**************************************************
   Model: cnet
Training: §mnist-gen-DGAN-train
 Testing: standard-mnist-test

             precision    recall  f1-score   support

          0       0.93      0.99      0.96       980
          1       0.95      0.99      0.97      1135
          2       0.96      0.83      0.89      1032
          3       0.88      0.92      0.90      1010
          4       0.97      0.89      0.93       982
          5       0.91      0.88      0.89       892
          6       0.94      0.95      0.95       958
          7       0.84      0.96      0.89      1028
          8       0.91      0.83      0.87       974
          9       0.88      0.89      0.88      1009

avg / total       0.92      0.91      0.91     10000

**************************************************
   Model: cnet
Training: §mnist-gen-DGAN-train
 Testing: §mnist-gen-DGAN-test

             precision    recall  f1-score   support

          0       1.00      1.00      1.00       609
          1       1.00      1.00      1.00       610
          2       1.00      1.00      1.00       617
          3       1.00      1.00      1.00       611
          4       1.00      1.00      1.00       567
          5       1.00      1.00      1.00       593
          6       1.00      1.00      1.00       566
          7       0.99      1.00      1.00       602
          8       1.00      1.00      1.00       624
          9       1.00      1.00      1.00       604

avg / total       1.00      1.00      1.00      6003

**************************************************
   Model: cnet
Training: standard-mnist-train-crop[20000]
 Testing: standard-mnist-test

             precision    recall  f1-score   support

          0       0.98      0.99      0.99       980
          1       0.99      0.99      0.99      1135
          2       0.98      0.98      0.98      1032
          3       0.98      0.98      0.98      1010
          4       0.99      0.99      0.99       982
          5       0.98      0.99      0.98       892
          6       0.99      0.98      0.99       958
          7       0.98      0.98      0.98      1028
          8       0.98      0.97      0.98       974
          9       0.99      0.98      0.98      1009

avg / total       0.98      0.98      0.98     10000

**************************************************
   Model: cnet
Training: standard-mnist-train-crop[20000]
 Testing: §mnist-gen-DGAN-test

             precision    recall  f1-score   support

          0       1.00      1.00      1.00       609
          1       0.98      0.99      0.98       610
          2       0.98      0.97      0.98       617
          3       0.98      0.99      0.98       611
          4       0.99      1.00      0.99       567
          5       0.99      1.00      1.00       593
          6       1.00      1.00      1.00       566
          7       1.00      0.99      0.99       602
          8       1.00      1.00      1.00       624
          9       0.99      0.97      0.98       604

avg / total       0.99      0.99      0.99      6003

**************************************************
   Model: cnet
Training: standard-mnist-train-crop[20000]
 Testing: §mnist-gen-DGAN

             precision    recall  f1-score   support

          0       1.00      1.00      1.00      2001
          1       0.98      0.98      0.98      2001
          2       0.97      0.98      0.98      2001
          3       0.98      1.00      0.98      2001
          4       0.99      1.00      0.99      2001
          5       0.99      0.99      0.99      2001
          6       1.00      1.00      1.00      2001
          7       1.00      0.98      0.99      2001
          8       1.00      1.00      1.00      2001
          9       1.00      0.97      0.98      2001

avg / total       0.99      0.99      0.99     20010

**************************************************
   Model: cnet
Training: §mnist-gen-DGAN
 Testing: standard-mnist-test

             precision    recall  f1-score   support

          0       0.92      0.99      0.95       980
          1       0.95      0.99      0.97      1135
          2       0.94      0.86      0.90      1032
          3       0.91      0.90      0.90      1010
          4       0.93      0.92      0.93       982
          5       0.90      0.90      0.90       892
          6       0.94      0.95      0.95       958
          7       0.84      0.96      0.89      1028
          8       0.90      0.83      0.86       974
          9       0.92      0.84      0.88      1009

avg / total       0.92      0.91      0.91     10000

**************************************************
   Model: cnet
Training: §mnist-gen-DGAN
 Testing: standard-mnist-all

             precision    recall  f1-score   support

          0       0.92      0.98      0.95      6903
          1       0.93      0.99      0.96      7877
          2       0.94      0.85      0.89      6990
          3       0.91      0.89      0.90      7141
          4       0.93      0.92      0.92      6824
          5       0.89      0.88      0.88      6313
          6       0.93      0.95      0.94      6876
          7       0.83      0.96      0.89      7293
          8       0.91      0.82      0.86      6825
          9       0.90      0.83      0.86      6958

avg / total       0.91      0.91      0.91     70000
