
**************************************************
   Model: linsvc
Training: §mnist-gen-DGAN-train
 Testing: standard-mnist-train-crop[20000]

             precision    recall  f1-score   support

          0       0.90      0.93      0.92      2076
          1       0.82      0.97      0.89      2258
          2       0.87      0.74      0.80      1986
          3       0.74      0.82      0.78      2059
          4       0.86      0.79      0.82      1914
          5       0.71      0.58      0.64      1784
          6       0.87      0.94      0.90      1928
          7       0.79      0.90      0.84      1994
          8       0.74      0.57      0.65      1979
          9       0.70      0.74      0.72      2022

avg / total       0.80      0.80      0.80     20000

**************************************************
   Model: linsvc
Training: §mnist-gen-DGAN-train
 Testing: standard-mnist-test

             precision    recall  f1-score   support

          0       0.90      0.94      0.92       980
          1       0.84      0.98      0.91      1135
          2       0.89      0.72      0.79      1032
          3       0.75      0.82      0.79      1010
          4       0.85      0.79      0.82       982
          5       0.69      0.63      0.66       892
          6       0.87      0.91      0.89       958
          7       0.79      0.90      0.84      1028
          8       0.73      0.58      0.65       974
          9       0.73      0.75      0.74      1009

avg / total       0.81      0.81      0.80     10000

**************************************************
   Model: linsvc
Training: §mnist-gen-DGAN-train
 Testing: §mnist-gen-DGAN-test

             precision    recall  f1-score   support

          0       1.00      1.00      1.00       587
          1       0.99      1.00      0.99       597
          2       1.00      0.99      0.99       595
          3       1.00      1.00      1.00       625
          4       1.00      1.00      1.00       627
          5       1.00      1.00      1.00       590
          6       1.00      1.00      1.00       616
          7       1.00      1.00      1.00       615
          8       1.00      0.98      0.99       595
          9       0.99      1.00      1.00       556

avg / total       1.00      1.00      1.00      6003

**************************************************
   Model: linsvc
Training: standard-mnist-train-crop[20000]
 Testing: standard-mnist-test

             precision    recall  f1-score   support

          0       0.92      0.96      0.94       980
          1       0.95      0.98      0.96      1135
          2       0.91      0.83      0.87      1032
          3       0.79      0.90      0.84      1010
          4       0.82      0.93      0.87       982
          5       0.89      0.66      0.76       892
          6       0.95      0.89      0.92       958
          7       0.88      0.90      0.89      1028
          8       0.78      0.84      0.81       974
          9       0.87      0.78      0.82      1009

avg / total       0.88      0.87      0.87     10000

**************************************************
   Model: linsvc
Training: standard-mnist-train-crop[20000]
 Testing: §mnist-gen-DGAN-test

             precision    recall  f1-score   support

          0       0.95      0.95      0.95       587
          1       0.89      0.92      0.90       597
          2       0.74      0.86      0.79       595
          3       0.69      0.91      0.79       625
          4       0.80      0.89      0.85       627
          5       0.87      0.37      0.52       590
          6       0.97      0.88      0.93       616
          7       0.87      0.91      0.89       615
          8       0.73      0.82      0.78       595
          9       0.87      0.72      0.79       556

avg / total       0.84      0.83      0.82      6003

**************************************************
   Model: linsvc
Training: standard-mnist-train-crop[20000]
 Testing: §mnist-gen-DGAN

             precision    recall  f1-score   support

          0       0.96      0.95      0.96      2001
          1       0.89      0.93      0.91      2001
          2       0.75      0.84      0.79      2001
          3       0.68      0.92      0.78      2001
          4       0.80      0.91      0.85      2001
          5       0.89      0.41      0.56      2001
          6       0.97      0.89      0.93      2001
          7       0.86      0.89      0.88      2001
          8       0.73      0.85      0.79      2001
          9       0.89      0.71      0.79      2001

avg / total       0.84      0.83      0.82     20010

**************************************************
   Model: linsvc
Training: §mnist-gen-DGAN
 Testing: standard-mnist-test

             precision    recall  f1-score   support

          0       0.89      0.94      0.91       980
          1       0.84      0.98      0.91      1135
          2       0.88      0.73      0.80      1032
          3       0.74      0.83      0.78      1010
          4       0.84      0.81      0.82       982
          5       0.72      0.63      0.67       892
          6       0.87      0.92      0.90       958
          7       0.79      0.88      0.83      1028
          8       0.71      0.59      0.64       974
          9       0.75      0.71      0.73      1009

avg / total       0.80      0.81      0.80     10000

**************************************************
   Model: linsvc
Training: §mnist-gen-DGAN
 Testing: standard-mnist-all

             precision    recall  f1-score   support

          0       0.88      0.93      0.90      6903
          1       0.82      0.97      0.89      7877
          2       0.87      0.74      0.80      6990
          3       0.74      0.82      0.78      7141
          4       0.86      0.80      0.83      6824
          5       0.73      0.61      0.66      6313
          6       0.87      0.92      0.90      6876
          7       0.77      0.90      0.83      7293
          8       0.70      0.58      0.63      6825
          9       0.72      0.69      0.70      6958

avg / total       0.80      0.80      0.80     70000
