
**************************************************
   Model: cnet
Training: §mnist-gen-DGAN-train
 Testing: standard-mnist-train-crop[20000]

             precision    recall  f1-score   support

          0       0.80      0.89      0.84      1947
          1       0.67      0.98      0.80      2300
          2       0.72      0.41      0.52      2062
          3       0.84      0.23      0.36      1982
          4       0.62      0.68      0.65      1960
          5       0.56      0.54      0.55      1754
          6       0.62      0.90      0.73      1933
          7       0.72      0.80      0.76      2065
          8       0.42      0.43      0.43      2019
          9       0.57      0.51      0.54      1978

avg / total       0.66      0.64      0.62     20000

**************************************************
   Model: cnet
Training: §mnist-gen-DGAN-train
 Testing: standard-mnist-test

             precision    recall  f1-score   support

          0       0.79      0.92      0.85       980
          1       0.71      0.99      0.83      1135
          2       0.73      0.38      0.50      1032
          3       0.80      0.22      0.35      1010
          4       0.61      0.70      0.65       982
          5       0.54      0.53      0.53       892
          6       0.62      0.88      0.73       958
          7       0.70      0.82      0.76      1028
          8       0.42      0.44      0.43       974
          9       0.58      0.49      0.53      1009

avg / total       0.65      0.64      0.62     10000

**************************************************
   Model: cnet
Training: §mnist-gen-DGAN-train
 Testing: §mnist-gen-DGAN-test

             precision    recall  f1-score   support

          0       1.00      1.00      1.00       558
          1       1.00      1.00      1.00       602
          2       1.00      1.00      1.00       591
          3       1.00      1.00      1.00       625
          4       1.00      1.00      1.00       600
          5       1.00      1.00      1.00       578
          6       1.00      1.00      1.00       606
          7       1.00      1.00      1.00       631
          8       1.00      1.00      1.00       597
          9       1.00      1.00      1.00       615

avg / total       1.00      1.00      1.00      6003

**************************************************
   Model: cnet
Training: standard-mnist-train-crop[20000]
 Testing: standard-mnist-test

             precision    recall  f1-score   support

          0       0.98      0.99      0.99       980
          1       0.99      0.99      0.99      1135
          2       0.98      0.98      0.98      1032
          3       0.98      0.99      0.98      1010
          4       0.99      0.98      0.99       982
          5       0.98      0.99      0.98       892
          6       0.99      0.98      0.99       958
          7       0.98      0.98      0.98      1028
          8       0.98      0.98      0.98       974
          9       0.98      0.97      0.97      1009

avg / total       0.98      0.98      0.98     10000

**************************************************
   Model: cnet
Training: standard-mnist-train-crop[20000]
 Testing: §mnist-gen-DGAN-test

             precision    recall  f1-score   support

          0       0.84      1.00      0.91       558
          1       1.00      1.00      1.00       602
          2       1.00      0.81      0.90       591
          3       1.00      1.00      1.00       625
          4       1.00      1.00      1.00       600
          5       1.00      1.00      1.00       578
          6       1.00      1.00      1.00       606
          7       1.00      1.00      1.00       631
          8       1.00      1.00      1.00       597
          9       1.00      1.00      1.00       615

avg / total       0.98      0.98      0.98      6003

**************************************************
   Model: cnet
Training: standard-mnist-train-crop[20000]
 Testing: §mnist-gen-DGAN

             precision    recall  f1-score   support

          0       0.84      1.00      0.91      2001
          1       1.00      1.00      1.00      2001
          2       1.00      0.81      0.89      2001
          3       0.99      1.00      1.00      2001
          4       1.00      1.00      1.00      2001
          5       1.00      1.00      1.00      2001
          6       1.00      1.00      1.00      2001
          7       0.99      1.00      1.00      2001
          8       1.00      0.99      1.00      2001
          9       1.00      0.99      1.00      2001

avg / total       0.98      0.98      0.98     20010

**************************************************
   Model: cnet
Training: §mnist-gen-DGAN
 Testing: standard-mnist-test

             precision    recall  f1-score   support

          0       0.69      0.94      0.80       980
          1       0.72      0.99      0.83      1135
          2       0.76      0.48      0.59      1032
          3       0.86      0.29      0.44      1010
          4       0.60      0.76      0.67       982
          5       0.64      0.48      0.55       892
          6       0.68      0.85      0.76       958
          7       0.71      0.87      0.79      1028
          8       0.42      0.28      0.34       974
          9       0.52      0.56      0.54      1009

avg / total       0.66      0.66      0.63     10000

**************************************************
   Model: cnet
Training: §mnist-gen-DGAN
 Testing: standard-mnist-all

             precision    recall  f1-score   support

          0       0.72      0.93      0.81      6903
          1       0.68      0.98      0.80      7877
          2       0.74      0.50      0.60      6990
          3       0.89      0.30      0.45      7141
          4       0.62      0.74      0.68      6824
          5       0.68      0.48      0.57      6313
          6       0.71      0.86      0.78      6876
          7       0.73      0.87      0.79      7293
          8       0.41      0.30      0.34      6825
          9       0.53      0.59      0.56      6958

avg / total       0.67      0.66      0.64     70000
