
**************************************************
   Model: cnet
Training: §mnist-gen-DGAN-train
 Testing: standard-mnist-train-crop[20000]

             precision    recall  f1-score   support

          0       0.93      0.97      0.95      1991
          1       0.93      0.98      0.96      2245
          2       0.91      0.82      0.86      1953
          3       0.90      0.81      0.85      2097
          4       0.82      0.95      0.88      1947
          5       0.90      0.77      0.83      1826
          6       0.88      0.95      0.91      1973
          7       0.87      0.94      0.90      2070
          8       0.82      0.85      0.84      1891
          9       0.89      0.79      0.84      2007

avg / total       0.89      0.88      0.88     20000

**************************************************
   Model: cnet
Training: §mnist-gen-DGAN-train
 Testing: standard-mnist-test

             precision    recall  f1-score   support

          0       0.91      0.98      0.95       980
          1       0.95      0.99      0.97      1135
          2       0.94      0.82      0.88      1032
          3       0.91      0.86      0.88      1010
          4       0.82      0.96      0.89       982
          5       0.91      0.77      0.83       892
          6       0.87      0.94      0.90       958
          7       0.86      0.94      0.90      1028
          8       0.83      0.85      0.84       974
          9       0.89      0.76      0.82      1009

avg / total       0.89      0.89      0.89     10000

**************************************************
   Model: cnet
Training: §mnist-gen-DGAN-train
 Testing: §mnist-gen-DGAN-test

             precision    recall  f1-score   support

          0       1.00      1.00      1.00       625
          1       1.00      1.00      1.00       597
          2       1.00      1.00      1.00       595
          3       1.00      1.00      1.00       597
          4       1.00      1.00      1.00       626
          5       1.00      0.99      1.00       598
          6       1.00      1.00      1.00       591
          7       1.00      1.00      1.00       580
          8       1.00      1.00      1.00       609
          9       1.00      1.00      1.00       585

avg / total       1.00      1.00      1.00      6003

**************************************************
   Model: cnet
Training: standard-mnist-train-crop[20000]
 Testing: standard-mnist-test

             precision    recall  f1-score   support

          0       0.97      1.00      0.98       980
          1       0.99      0.99      0.99      1135
          2       0.98      0.97      0.98      1032
          3       0.99      0.98      0.99      1010
          4       0.98      0.99      0.99       982
          5       0.99      0.98      0.99       892
          6       0.99      0.98      0.98       958
          7       0.97      0.98      0.98      1028
          8       0.98      0.98      0.98       974
          9       0.99      0.97      0.98      1009

avg / total       0.98      0.98      0.98     10000

**************************************************
   Model: cnet
Training: standard-mnist-train-crop[20000]
 Testing: §mnist-gen-DGAN-test

             precision    recall  f1-score   support

          0       1.00      1.00      1.00       625
          1       0.99      0.96      0.98       597
          2       1.00      1.00      1.00       595
          3       0.97      0.99      0.98       597
          4       0.96      0.98      0.97       626
          5       0.99      0.97      0.98       598
          6       1.00      0.99      1.00       591
          7       1.00      0.99      0.99       580
          8       0.99      1.00      0.99       609
          9       0.97      0.99      0.98       585

avg / total       0.99      0.99      0.99      6003

**************************************************
   Model: cnet
Training: standard-mnist-train-crop[20000]
 Testing: §mnist-gen-DGAN

             precision    recall  f1-score   support

          0       1.00      1.00      1.00      2001
          1       1.00      0.97      0.98      2001
          2       1.00      1.00      1.00      2001
          3       0.98      1.00      0.99      2001
          4       0.97      0.98      0.97      2001
          5       0.99      0.98      0.98      2001
          6       1.00      1.00      1.00      2001
          7       1.00      0.99      1.00      2001
          8       0.99      0.99      0.99      2001
          9       0.98      0.99      0.99      2001

avg / total       0.99      0.99      0.99     20010

**************************************************
   Model: cnet
Training: §mnist-gen-DGAN
 Testing: standard-mnist-test

             precision    recall  f1-score   support

          0       0.90      0.98      0.94       980
          1       0.94      0.99      0.97      1135
          2       0.91      0.84      0.88      1032
          3       0.80      0.92      0.86      1010
          4       0.90      0.93      0.91       982
          5       0.93      0.75      0.83       892
          6       0.90      0.94      0.92       958
          7       0.89      0.93      0.91      1028
          8       0.89      0.81      0.85       974
          9       0.88      0.83      0.85      1009

avg / total       0.90      0.89      0.89     10000

**************************************************
   Model: cnet
Training: §mnist-gen-DGAN
 Testing: standard-mnist-all

             precision    recall  f1-score   support

          0       0.90      0.98      0.94      6903
          1       0.93      0.98      0.95      7877
          2       0.91      0.85      0.88      6990
          3       0.82      0.90      0.86      7141
          4       0.89      0.92      0.91      6824
          5       0.92      0.75      0.83      6313
          6       0.90      0.95      0.92      6876
          7       0.88      0.94      0.91      7293
          8       0.89      0.79      0.83      6825
          9       0.88      0.83      0.85      6958

avg / total       0.89      0.89      0.89     70000
