
**************************************************
   Model: linsvc
Training: §mnist-gen-DGAN-train
 Testing: standard-mnist-train-crop[20000]

             precision    recall  f1-score   support

          0       0.88      0.91      0.89      1928
          1       0.84      0.97      0.90      2205
          2       0.87      0.72      0.79      2089
          3       0.71      0.80      0.75      2012
          4       0.85      0.81      0.83      1903
          5       0.75      0.62      0.68      1942
          6       0.86      0.91      0.89      2008
          7       0.75      0.90      0.82      2065
          8       0.72      0.61      0.66      1950
          9       0.72      0.69      0.71      1898

avg / total       0.80      0.80      0.79     20000

**************************************************
   Model: linsvc
Training: §mnist-gen-DGAN-train
 Testing: standard-mnist-test

             precision    recall  f1-score   support

          0       0.89      0.93      0.91       980
          1       0.86      0.98      0.92      1135
          2       0.88      0.72      0.79      1032
          3       0.71      0.82      0.76      1010
          4       0.84      0.81      0.83       982
          5       0.72      0.63      0.67       892
          6       0.88      0.92      0.90       958
          7       0.77      0.88      0.82      1028
          8       0.74      0.59      0.66       974
          9       0.77      0.73      0.75      1009

avg / total       0.81      0.81      0.80     10000

**************************************************
   Model: linsvc
Training: §mnist-gen-DGAN-train
 Testing: §mnist-gen-DGAN-test

             precision    recall  f1-score   support

          0       1.00      1.00      1.00       620
          1       0.99      0.99      0.99       614
          2       1.00      0.99      1.00       579
          3       0.99      1.00      0.99       606
          4       0.99      1.00      0.99       565
          5       1.00      0.99      0.99       587
          6       1.00      0.99      1.00       617
          7       0.99      0.99      0.99       594
          8       0.99      0.99      0.99       606
          9       0.99      1.00      1.00       615

avg / total       0.99      0.99      0.99      6003

**************************************************
   Model: linsvc
Training: standard-mnist-train-crop[20000]
 Testing: standard-mnist-test

             precision    recall  f1-score   support

          0       0.94      0.94      0.94       980
          1       0.94      0.97      0.96      1135
          2       0.83      0.87      0.85      1032
          3       0.78      0.89      0.83      1010
          4       0.92      0.84      0.88       982
          5       0.82      0.80      0.81       892
          6       0.90      0.94      0.92       958
          7       0.92      0.85      0.89      1028
          8       0.92      0.58      0.71       974
          9       0.70      0.90      0.79      1009

avg / total       0.87      0.86      0.86     10000

**************************************************
   Model: linsvc
Training: standard-mnist-train-crop[20000]
 Testing: §mnist-gen-DGAN-test

             precision    recall  f1-score   support

          0       0.84      0.92      0.88       620
          1       0.91      0.93      0.92       614
          2       0.62      0.78      0.69       579
          3       0.74      0.90      0.81       606
          4       0.91      0.86      0.88       565
          5       0.67      0.53      0.59       587
          6       0.89      0.93      0.91       617
          7       0.94      0.81      0.87       594
          8       0.82      0.60      0.69       606
          9       0.84      0.89      0.87       615

avg / total       0.82      0.82      0.81      6003

**************************************************
   Model: linsvc
Training: standard-mnist-train-crop[20000]
 Testing: §mnist-gen-DGAN

             precision    recall  f1-score   support

          0       0.83      0.91      0.87      2001
          1       0.89      0.92      0.91      2001
          2       0.64      0.79      0.71      2001
          3       0.73      0.89      0.81      2001
          4       0.90      0.87      0.88      2001
          5       0.68      0.52      0.59      2001
          6       0.88      0.91      0.90      2001
          7       0.95      0.81      0.88      2001
          8       0.83      0.61      0.71      2001
          9       0.84      0.90      0.87      2001

avg / total       0.82      0.81      0.81     20010

**************************************************
   Model: linsvc
Training: §mnist-gen-DGAN
 Testing: standard-mnist-test

             precision    recall  f1-score   support

          0       0.89      0.94      0.91       980
          1       0.84      0.98      0.91      1135
          2       0.88      0.73      0.80      1032
          3       0.74      0.83      0.78      1010
          4       0.84      0.81      0.82       982
          5       0.72      0.63      0.67       892
          6       0.87      0.92      0.90       958
          7       0.79      0.88      0.83      1028
          8       0.71      0.59      0.65       974
          9       0.75      0.71      0.73      1009

avg / total       0.81      0.81      0.80     10000

**************************************************
   Model: linsvc
Training: §mnist-gen-DGAN
 Testing: standard-mnist-all

             precision    recall  f1-score   support

          0       0.88      0.93      0.90      6903
          1       0.82      0.97      0.89      7877
          2       0.87      0.74      0.80      6990
          3       0.74      0.82      0.78      7141
          4       0.86      0.80      0.83      6824
          5       0.72      0.61      0.66      6313
          6       0.87      0.92      0.90      6876
          7       0.77      0.90      0.83      7293
          8       0.70      0.58      0.63      6825
          9       0.72      0.69      0.71      6958

avg / total       0.80      0.80      0.80     70000
