
**************************************************
   Model: linsvc
Training: §mnist-gen-DGAN-train
 Testing: standard-mnist-train

             precision    recall  f1-score   support

          0       0.74      0.97      0.84      5923
          1       0.78      0.97      0.87      6742
          2       0.83      0.55      0.66      5958
          3       0.72      0.67      0.70      6131
          4       0.66      0.85      0.74      5842
          5       0.58      0.37      0.45      5421
          6       0.79      0.92      0.85      5918
          7       0.73      0.84      0.78      6265
          8       0.66      0.38      0.48      5851
          9       0.57      0.55      0.56      5949

avg / total       0.71      0.71      0.70     60000

**************************************************
   Model: linsvc
Training: §mnist-gen-DGAN-train
 Testing: standard-mnist-test

             precision    recall  f1-score   support

          0       0.70      0.98      0.82       980
          1       0.81      0.98      0.89      1135
          2       0.85      0.55      0.67      1032
          3       0.74      0.68      0.71      1010
          4       0.64      0.85      0.73       982
          5       0.59      0.37      0.45       892
          6       0.78      0.92      0.84       958
          7       0.74      0.86      0.80      1028
          8       0.67      0.41      0.51       974
          9       0.59      0.53      0.56      1009

avg / total       0.72      0.72      0.70     10000

**************************************************
   Model: linsvc
Training: §mnist-gen-DGAN-train
 Testing: §mnist-gen-DGAN-test

             precision    recall  f1-score   support

          0       1.00      1.00      1.00      2756
          1       1.00      1.00      1.00      2849
          2       1.00      1.00      1.00      2887
          3       1.00      1.00      1.00      2766
          4       1.00      1.00      1.00      2815
          5       1.00      1.00      1.00      2863
          6       1.00      1.00      1.00      2850
          7       1.00      1.00      1.00      2802
          8       1.00      1.00      1.00      2807
          9       1.00      1.00      1.00      2875

avg / total       1.00      1.00      1.00     28270

**************************************************
   Model: linsvc
Training: standard-mnist-train
 Testing: standard-mnist-test

             precision    recall  f1-score   support

          0       0.95      0.96      0.95       980
          1       0.96      0.97      0.97      1135
          2       0.79      0.86      0.82      1032
          3       0.87      0.85      0.86      1010
          4       0.63      0.97      0.76       982
          5       0.75      0.87      0.81       892
          6       0.97      0.83      0.89       958
          7       0.88      0.91      0.90      1028
          8       0.84      0.71      0.77       974
          9       0.95      0.44      0.60      1009

avg / total       0.86      0.84      0.84     10000

**************************************************
   Model: linsvc
Training: standard-mnist-train
 Testing: §mnist-gen-DGAN-test

             precision    recall  f1-score   support

          0       0.95      0.89      0.92      2756
          1       0.97      1.00      0.98      2849
          2       0.78      0.99      0.87      2887
          3       0.77      0.70      0.73      2766
          4       0.65      1.00      0.79      2815
          5       0.68      0.85      0.76      2863
          6       0.97      0.89      0.93      2850
          7       0.85      0.87      0.86      2802
          8       0.87      0.70      0.78      2807
          9       0.97      0.31      0.47      2875

avg / total       0.85      0.82      0.81     28270

**************************************************
   Model: linsvc
Training: standard-mnist-train
 Testing: §mnist-gen-DGAN

             precision    recall  f1-score   support

          0       0.95      0.90      0.93      9442
          1       0.97      1.00      0.98      9321
          2       0.78      0.99      0.88      9449
          3       0.77      0.70      0.73      9423
          4       0.66      1.00      0.79      9415
          5       0.67      0.85      0.75      9491
          6       0.97      0.90      0.93      9442
          7       0.85      0.87      0.86      9392
          8       0.88      0.70      0.78      9415
          9       0.97      0.31      0.47      9442

avg / total       0.85      0.82      0.81     94232

**************************************************
   Model: linsvc
Training: §mnist-gen-DGAN
 Testing: standard-mnist-test

             precision    recall  f1-score   support

          0       0.67      0.98      0.80       980
          1       0.81      0.97      0.88      1135
          2       0.85      0.58      0.69      1032
          3       0.75      0.66      0.71      1010
          4       0.63      0.85      0.72       982
          5       0.61      0.35      0.45       892
          6       0.79      0.92      0.85       958
          7       0.74      0.86      0.80      1028
          8       0.67      0.42      0.52       974
          9       0.59      0.51      0.55      1009

avg / total       0.72      0.72      0.70     10000

**************************************************
   Model: linsvc
Training: §mnist-gen-DGAN
 Testing: standard-mnist-all

             precision    recall  f1-score   support

          0       0.70      0.98      0.82      6903
          1       0.79      0.97      0.87      7877
          2       0.84      0.57      0.68      6990
          3       0.73      0.67      0.70      7141
          4       0.65      0.84      0.73      6824
          5       0.59      0.36      0.45      6313
          6       0.80      0.92      0.85      6876
          7       0.73      0.84      0.78      7293
          8       0.68      0.39      0.49      6825
          9       0.57      0.54      0.56      6958

avg / total       0.71      0.71      0.70     70000

**************************************************
   Model: cnet
Training: §mnist-gen-DGAN-train
 Testing: standard-mnist-train

             precision    recall  f1-score   support

          0       0.88      0.98      0.93      5923
          1       0.89      0.98      0.93      6742
          2       0.93      0.75      0.83      5958
          3       0.74      0.87      0.80      6131
          4       0.83      0.91      0.87      5842
          5       0.75      0.71      0.73      5421
          6       0.90      0.94      0.92      5918
          7       0.81      0.93      0.86      6265
          8       0.87      0.56      0.68      5851
          9       0.81      0.72      0.76      5949

avg / total       0.84      0.84      0.83     60000

**************************************************
   Model: cnet
Training: §mnist-gen-DGAN-train
 Testing: standard-mnist-test

             precision    recall  f1-score   support

          0       0.86      0.99      0.92       980
          1       0.91      0.99      0.95      1135
          2       0.93      0.76      0.84      1032
          3       0.77      0.88      0.82      1010
          4       0.84      0.93      0.89       982
          5       0.74      0.75      0.74       892
          6       0.89      0.93      0.91       958
          7       0.82      0.92      0.87      1028
          8       0.87      0.53      0.66       974
          9       0.84      0.75      0.79      1009

avg / total       0.85      0.85      0.84     10000

**************************************************
   Model: cnet
Training: §mnist-gen-DGAN-train
 Testing: §mnist-gen-DGAN-test

             precision    recall  f1-score   support

          0       1.00      1.00      1.00      2756
          1       1.00      1.00      1.00      2849
          2       1.00      1.00      1.00      2887
          3       1.00      1.00      1.00      2766
          4       1.00      1.00      1.00      2815
          5       1.00      1.00      1.00      2863
          6       1.00      1.00      1.00      2850
          7       1.00      1.00      1.00      2802
          8       1.00      1.00      1.00      2807
          9       1.00      1.00      1.00      2875

avg / total       1.00      1.00      1.00     28270

**************************************************
   Model: cnet
Training: standard-mnist-train
 Testing: standard-mnist-test

             precision    recall  f1-score   support

          0       0.99      0.99      0.99       980
          1       0.99      1.00      1.00      1135
          2       0.98      0.99      0.99      1032
          3       0.99      0.99      0.99      1010
          4       1.00      0.99      0.99       982
          5       0.99      0.99      0.99       892
          6       0.99      0.99      0.99       958
          7       0.99      0.99      0.99      1028
          8       0.99      0.98      0.99       974
          9       0.99      0.98      0.99      1009

avg / total       0.99      0.99      0.99     10000

**************************************************
   Model: cnet
Training: standard-mnist-train
 Testing: §mnist-gen-DGAN-test

             precision    recall  f1-score   support

          0       1.00      1.00      1.00      2756
          1       0.99      1.00      1.00      2849
          2       1.00      1.00      1.00      2887
          3       1.00      0.93      0.97      2766
          4       0.98      1.00      0.99      2815
          5       0.94      1.00      0.97      2863
          6       1.00      1.00      1.00      2850
          7       1.00      0.95      0.97      2802
          8       1.00      0.99      1.00      2807
          9       0.96      0.98      0.97      2875

avg / total       0.99      0.99      0.99     28270

**************************************************
   Model: cnet
Training: standard-mnist-train
 Testing: §mnist-gen-DGAN

             precision    recall  f1-score   support

          0       1.00      1.00      1.00      9442
          1       0.99      1.00      1.00      9321
          2       1.00      1.00      1.00      9449
          3       1.00      0.94      0.97      9423
          4       0.98      1.00      0.99      9415
          5       0.94      1.00      0.97      9491
          6       1.00      1.00      1.00      9442
          7       1.00      0.95      0.97      9392
          8       1.00      0.99      1.00      9415
          9       0.96      0.98      0.97      9442

avg / total       0.99      0.99      0.99     94232

**************************************************
   Model: cnet
Training: §mnist-gen-DGAN
 Testing: standard-mnist-test

             precision    recall  f1-score   support

          0       0.90      0.99      0.94       980
          1       0.93      0.99      0.96      1135
          2       0.88      0.83      0.85      1032
          3       0.78      0.87      0.82      1010
          4       0.85      0.92      0.88       982
          5       0.71      0.74      0.72       892
          6       0.86      0.96      0.90       958
          7       0.85      0.91      0.88      1028
          8       0.89      0.46      0.61       974
          9       0.83      0.76      0.79      1009

avg / total       0.85      0.85      0.84     10000

**************************************************
   Model: cnet
Training: §mnist-gen-DGAN
 Testing: standard-mnist-all

             precision    recall  f1-score   support

          0       0.91      0.98      0.94      6903
          1       0.92      0.98      0.95      7877
          2       0.87      0.83      0.85      6990
          3       0.76      0.87      0.81      7141
          4       0.84      0.91      0.87      6824
          5       0.72      0.71      0.72      6313
          6       0.87      0.96      0.91      6876
          7       0.84      0.91      0.88      7293
          8       0.89      0.49      0.63      6825
          9       0.81      0.74      0.77      6958

avg / total       0.84      0.84      0.84     70000
