
**************************************************
   Model: cnet
Training: §cifar-gen-styl-scream-train
 Testing: standard-cifar-train-crop[10000]

             precision    recall  f1-score   support

          0       0.38      0.28      0.32      1003
          1       0.43      0.07      0.12      1014
          2       0.26      0.04      0.07      1029
          3       0.24      0.19      0.22       967
          4       0.24      0.52      0.32       997
          5       0.31      0.40      0.35       996
          6       0.56      0.04      0.08       989
          7       0.54      0.22      0.31      1006
          8       0.26      0.09      0.13       989
          9       0.21      0.81      0.33      1010

avg / total       0.34      0.27      0.23     10000

**************************************************
   Model: cnet
Training: §cifar-gen-styl-scream-train
 Testing: standard-cifar-test

             precision    recall  f1-score   support

          0       0.33      0.22      0.27      1000
          1       0.42      0.06      0.10      1000
          2       0.26      0.05      0.08      1000
          3       0.23      0.19      0.21      1000
          4       0.25      0.53      0.34      1000
          5       0.28      0.38      0.32      1000
          6       0.54      0.04      0.08      1000
          7       0.56      0.23      0.32      1000
          8       0.25      0.08      0.13      1000
          9       0.21      0.81      0.33      1000

avg / total       0.33      0.26      0.22     10000

**************************************************
   Model: cnet
Training: §cifar-gen-styl-scream-train
 Testing: §cifar-gen-styl-scream-test

             precision    recall  f1-score   support

          0       0.37      0.42      0.39       302
          1       0.60      0.17      0.26       307
          2       0.28      0.22      0.25       318
          3       0.34      0.14      0.20       288
          4       0.24      0.54      0.33       292
          5       0.42      0.20      0.27       296
          6       0.49      0.18      0.26       293
          7       0.66      0.21      0.32       313
          8       0.37      0.55      0.44       306
          9       0.28      0.70      0.40       288

avg / total       0.41      0.33      0.31      3003

**************************************************
   Model: cnet
Training: standard-cifar-train-crop[10000]
 Testing: standard-cifar-test

             precision    recall  f1-score   support

          0       0.60      0.48      0.53      1000
          1       0.47      0.82      0.60      1000
          2       0.46      0.39      0.42      1000
          3       0.41      0.28      0.34      1000
          4       0.54      0.38      0.45      1000
          5       0.62      0.28      0.39      1000
          6       0.64      0.56      0.60      1000
          7       0.57      0.63      0.60      1000
          8       0.51      0.78      0.62      1000
          9       0.45      0.56      0.50      1000

avg / total       0.53      0.52      0.50     10000

**************************************************
   Model: cnet
Training: standard-cifar-train-crop[10000]
 Testing: §cifar-gen-styl-scream-test

             precision    recall  f1-score   support

          0       0.56      0.10      0.17       302
          1       0.15      0.60      0.24       307
          2       0.28      0.09      0.13       318
          3       0.21      0.16      0.18       288
          4       0.32      0.04      0.07       292
          5       0.37      0.05      0.08       296
          6       0.18      0.40      0.25       293
          7       0.46      0.24      0.31       313
          8       0.50      0.01      0.02       306
          9       0.15      0.24      0.18       288

avg / total       0.32      0.19      0.16      3003

**************************************************
   Model: cnet
Training: standard-cifar-train-crop[10000]
 Testing: §cifar-gen-styl-scream

             precision    recall  f1-score   support

          0       0.53      0.08      0.14      1001
          1       0.15      0.64      0.25      1001
          2       0.27      0.09      0.14      1001
          3       0.21      0.15      0.18      1001
          4       0.33      0.05      0.09      1001
          5       0.45      0.05      0.09      1001
          6       0.17      0.39      0.23      1001
          7       0.45      0.25      0.32      1001
          8       0.60      0.01      0.01      1001
          9       0.15      0.23      0.18      1001

avg / total       0.33      0.19      0.16     10010

**************************************************
   Model: cnet
Training: §cifar-gen-styl-scream
 Testing: standard-cifar-test

             precision    recall  f1-score   support

          0       0.38      0.25      0.30      1000
          1       0.54      0.18      0.28      1000
          2       0.23      0.08      0.12      1000
          3       0.18      0.28      0.22      1000
          4       0.42      0.04      0.08      1000
          5       0.23      0.58      0.33      1000
          6       0.66      0.08      0.14      1000
          7       0.23      0.59      0.33      1000
          8       0.36      0.03      0.06      1000
          9       0.33      0.57      0.42      1000

avg / total       0.36      0.27      0.23     10000

**************************************************
   Model: cnet
Training: §cifar-gen-styl-scream
 Testing: standard-cifar-all

             precision    recall  f1-score   support

          0       0.40      0.27      0.32      6000
          1       0.53      0.19      0.28      6000
          2       0.25      0.09      0.14      6000
          3       0.19      0.29      0.23      6000
          4       0.46      0.04      0.08      6000
          5       0.23      0.59      0.34      6000
          6       0.66      0.07      0.13      6000
          7       0.24      0.60      0.34      6000
          8       0.33      0.03      0.06      6000
          9       0.33      0.57      0.42      6000

avg / total       0.36      0.27      0.23     60000
