
**************************************************
   Model: cnet
Training: §cifar-gen-styl-scream-train
 Testing: standard-cifar-train-crop[1000]

             precision    recall  f1-score   support

          0       0.00      0.00      0.00       103
          1       0.32      0.05      0.09       112
          2       0.00      0.00      0.00        84
          3       0.24      0.08      0.12        86
          4       0.00      0.00      0.00       103
          5       0.12      0.59      0.21        95
          6       0.13      0.03      0.05       106
          7       0.14      0.55      0.22       110
          8       0.00      0.00      0.00        93
          9       0.27      0.06      0.09       108

avg / total       0.13      0.14      0.08      1000

**************************************************
   Model: cnet
Training: §cifar-gen-styl-scream-train
 Testing: standard-cifar-test-crop[1000]

             precision    recall  f1-score   support

          0       0.00      0.00      0.00        80
          1       0.24      0.06      0.10        99
          2       0.00      0.00      0.00       117
          3       0.07      0.02      0.03       106
          4       0.44      0.05      0.08        87
          5       0.16      0.66      0.26       116
          6       0.09      0.03      0.05        93
          7       0.13      0.53      0.21       103
          8       0.00      0.00      0.00        97
          9       0.31      0.05      0.08       102

avg / total       0.14      0.15      0.09      1000

**************************************************
   Model: cnet
Training: §cifar-gen-styl-scream-train
 Testing: §cifar-gen-styl-scream-test

             precision    recall  f1-score   support

          0       0.29      0.05      0.09        38
          1       0.17      0.35      0.23        26
          2       0.00      0.00      0.00        28
          3       0.00      0.00      0.00        32
          4       0.00      0.00      0.00        33
          5       0.28      0.42      0.34        33
          6       0.13      0.29      0.18        24
          7       0.21      0.55      0.31        33
          8       0.00      0.00      0.00        29
          9       0.33      0.48      0.39        27

avg / total       0.14      0.21      0.15       303

**************************************************
   Model: cnet
Training: standard-cifar-train-crop[1000]
 Testing: standard-cifar-test-crop[1000]

             precision    recall  f1-score   support

          0       0.33      0.06      0.11        80
          1       0.44      0.46      0.45        99
          2       0.00      0.00      0.00       117
          3       0.25      0.01      0.02       106
          4       0.00      0.00      0.00        87
          5       0.62      0.09      0.15       116
          6       0.18      0.59      0.28        93
          7       0.60      0.12      0.20       103
          8       0.28      0.84      0.42        97
          9       0.17      0.40      0.24       102

avg / total       0.29      0.25      0.18      1000

**************************************************
   Model: cnet
Training: standard-cifar-train-crop[1000]
 Testing: §cifar-gen-styl-scream-test

             precision    recall  f1-score   support

          0       0.00      0.00      0.00        38
          1       0.00      0.00      0.00        26
          2       0.00      0.00      0.00        28
          3       0.00      0.00      0.00        32
          4       0.00      0.00      0.00        33
          5       0.00      0.00      0.00        33
          6       0.08      1.00      0.15        24
          7       0.00      0.00      0.00        33
          8       0.00      0.00      0.00        29
          9       0.33      0.07      0.12        27

avg / total       0.04      0.09      0.02       303

**************************************************
   Model: cnet
Training: standard-cifar-train-crop[1000]
 Testing: §cifar-gen-styl-scream

             precision    recall  f1-score   support

          0       0.00      0.00      0.00       101
          1       0.00      0.00      0.00       101
          2       0.00      0.00      0.00       101
          3       0.00      0.00      0.00       101
          4       0.00      0.00      0.00       101
          5       0.00      0.00      0.00       101
          6       0.10      1.00      0.19       101
          7       0.33      0.02      0.04       101
          8       0.00      0.00      0.00       101
          9       0.19      0.05      0.08       101

avg / total       0.06      0.11      0.03      1010

**************************************************
   Model: cnet
Training: §cifar-gen-styl-scream
 Testing: standard-cifar-test

             precision    recall  f1-score   support

          0       0.00      0.00      0.00      1000
          1       0.50      0.00      0.00      1000
          2       0.00      0.00      0.00      1000
          3       0.00      0.00      0.00      1000
          4       0.00      0.00      0.00      1000
          5       0.11      0.93      0.20      1000
          6       0.00      0.00      0.00      1000
          7       0.26      0.17      0.20      1000
          8       0.19      0.18      0.18      1000
          9       0.28      0.01      0.03      1000

avg / total       0.13      0.13      0.06     10000

**************************************************
   Model: cnet
Training: §cifar-gen-styl-scream
 Testing: standard-cifar-all

             precision    recall  f1-score   support

          0       0.00      0.00      0.00      6000
          1       0.21      0.00      0.00      6000
          2       0.06      0.00      0.00      6000
          3       0.00      0.00      0.00      6000
          4       0.10      0.00      0.00      6000
          5       0.11      0.93      0.20      6000
          6       0.06      0.00      0.00      6000
          7       0.25      0.16      0.20      6000
          8       0.18      0.17      0.17      6000
          9       0.31      0.02      0.05      6000

avg / total       0.13      0.13      0.06     60000
