
**************************************************
   Model: linsvc
Training: §cifar-gen-sty-street-train
 Testing: standard-cifar-train

             precision    recall  f1-score   support

          0       0.08      0.01      0.02      5000
          1       0.23      0.08      0.12      5000
          2       0.11      0.04      0.06      5000
          3       0.13      0.08      0.10      5000
          4       0.15      0.43      0.22      5000
          5       0.22      0.04      0.06      5000
          6       0.21      0.01      0.01      5000
          7       0.23      0.09      0.13      5000
          8       0.19      0.27      0.22      5000
          9       0.16      0.56      0.24      5000

avg / total       0.17      0.16      0.12     50000

**************************************************
   Model: linsvc
Training: §cifar-gen-sty-street-train
 Testing: standard-cifar-test

             precision    recall  f1-score   support

          0       0.06      0.01      0.01      1000
          1       0.23      0.08      0.11      1000
          2       0.10      0.04      0.06      1000
          3       0.12      0.07      0.09      1000
          4       0.14      0.41      0.21      1000
          5       0.19      0.04      0.06      1000
          6       0.16      0.00      0.01      1000
          7       0.22      0.09      0.12      1000
          8       0.17      0.25      0.20      1000
          9       0.15      0.54      0.23      1000

avg / total       0.16      0.15      0.11     10000

**************************************************
   Model: linsvc
Training: §cifar-gen-sty-street-train
 Testing: §cifar-gen-sty-street-test

             precision    recall  f1-score   support

          0       0.42      0.48      0.45      1493
          1       0.46      0.60      0.52      1508
          2       0.19      0.67      0.30      1471
          3       0.36      0.04      0.07      1477
          4       0.24      0.44      0.31      1501
          5       0.37      0.16      0.22      1455
          6       0.70      0.07      0.13      1536
          7       0.57      0.30      0.40      1509
          8       0.68      0.32      0.43      1550
          9       0.51      0.33      0.40      1500

avg / total       0.45      0.34      0.32     15000

**************************************************
   Model: linsvc
Training: standard-cifar-train
 Testing: standard-cifar-test

             precision    recall  f1-score   support

          0       0.43      0.06      0.11      1000
          1       0.42      0.30      0.35      1000
          2       0.28      0.08      0.12      1000
          3       0.20      0.06      0.09      1000
          4       0.33      0.25      0.29      1000
          5       0.20      0.40      0.27      1000
          6       0.23      0.52      0.32      1000
          7       0.37      0.34      0.35      1000
          8       0.37      0.22      0.28      1000
          9       0.30      0.60      0.40      1000

avg / total       0.31      0.28      0.26     10000

**************************************************
   Model: linsvc
Training: standard-cifar-train
 Testing: §cifar-gen-sty-street-test

             precision    recall  f1-score   support

          0       0.10      0.07      0.08      1493
          1       0.14      0.49      0.22      1508
          2       0.10      0.01      0.01      1471
          3       0.15      0.05      0.07      1477
          4       0.03      0.00      0.00      1501
          5       0.15      0.02      0.03      1455
          6       0.15      0.09      0.11      1536
          7       0.12      0.38      0.18      1509
          8       0.20      0.01      0.01      1550
          9       0.14      0.19      0.16      1500

avg / total       0.13      0.13      0.09     15000

**************************************************
   Model: linsvc
Training: standard-cifar-train
 Testing: §cifar-gen-sty-street

             precision    recall  f1-score   support

          0       0.10      0.08      0.09      5000
          1       0.13      0.47      0.21      5000
          2       0.09      0.01      0.01      5000
          3       0.16      0.05      0.08      5000
          4       0.04      0.00      0.00      5000
          5       0.18      0.02      0.04      5000
          6       0.14      0.08      0.10      5000
          7       0.12      0.38      0.18      5000
          8       0.12      0.00      0.01      5000
          9       0.14      0.18      0.16      5000

avg / total       0.12      0.13      0.09     50000
