
**************************************************
   Model: linsvc
Training: §cifar-gen-sty-street-train
 Testing: standard-cifar-train-crop[1000]

             precision    recall  f1-score   support

          0       0.00      0.00      0.00       101
          1       0.14      0.44      0.22       110
          2       0.12      0.01      0.02       100
          3       0.12      0.44      0.19        84
          4       0.12      0.01      0.02       102
          5       0.09      0.15      0.11        98
          6       0.07      0.04      0.05        98
          7       1.00      0.01      0.02       100
          8       0.12      0.02      0.04        97
          9       0.18      0.17      0.18       110

avg / total       0.20      0.13      0.08      1000

**************************************************
   Model: linsvc
Training: §cifar-gen-sty-street-train
 Testing: standard-cifar-test-crop[1000]

             precision    recall  f1-score   support

          0       0.00      0.00      0.00        82
          1       0.12      0.39      0.18        93
          2       0.00      0.00      0.00       102
          3       0.10      0.39      0.16        89
          4       0.27      0.02      0.05       122
          5       0.10      0.15      0.12       107
          6       0.06      0.03      0.04        97
          7       0.00      0.00      0.00       103
          8       0.15      0.02      0.04        99
          9       0.16      0.14      0.15       106

avg / total       0.10      0.11      0.07      1000

**************************************************
   Model: linsvc
Training: §cifar-gen-sty-street-train
 Testing: §cifar-gen-sty-street-test

             precision    recall  f1-score   support

          0       0.22      0.28      0.25        29
          1       0.13      0.16      0.14        31
          2       0.19      0.17      0.18        30
          3       0.29      0.21      0.25        33
          4       0.15      0.14      0.15        28
          5       0.29      0.31      0.30        32
          6       0.30      0.28      0.29        29
          7       0.22      0.23      0.22        31
          8       0.42      0.56      0.48        27
          9       0.21      0.15      0.18        33

avg / total       0.24      0.24      0.24       303

**************************************************
   Model: linsvc
Training: standard-cifar-train-crop[1000]
 Testing: standard-cifar-test-crop[1000]

             precision    recall  f1-score   support

          0       0.18      0.28      0.22        82
          1       0.28      0.19      0.23        93
          2       0.16      0.19      0.17       102
          3       0.18      0.18      0.18        89
          4       0.22      0.25      0.23       122
          5       0.20      0.19      0.20       107
          6       0.28      0.23      0.25        97
          7       0.32      0.23      0.27       103
          8       0.26      0.36      0.31        99
          9       0.41      0.27      0.33       106

avg / total       0.25      0.24      0.24      1000

**************************************************
   Model: linsvc
Training: standard-cifar-train-crop[1000]
 Testing: §cifar-gen-sty-street-test

             precision    recall  f1-score   support

          0       0.24      0.14      0.17        29
          1       0.16      0.29      0.21        31
          2       0.00      0.00      0.00        30
          3       0.19      0.12      0.15        33
          4       0.16      0.29      0.21        28
          5       0.10      0.19      0.13        32
          6       0.50      0.03      0.06        29
          7       0.27      0.45      0.34        31
          8       0.29      0.07      0.12        27
          9       0.12      0.12      0.12        33

avg / total       0.20      0.17      0.15       303

**************************************************
   Model: linsvc
Training: standard-cifar-train-crop[1000]
 Testing: §cifar-gen-sty-street

             precision    recall  f1-score   support

          0       0.12      0.09      0.10       101
          1       0.14      0.26      0.18       101
          2       0.00      0.00      0.00       101
          3       0.12      0.07      0.09       101
          4       0.16      0.26      0.20       101
          5       0.10      0.21      0.13       101
          6       0.29      0.04      0.07       101
          7       0.17      0.26      0.20       101
          8       0.17      0.04      0.06       101
          9       0.12      0.13      0.12       101

avg / total       0.14      0.13      0.12      1010

**************************************************
   Model: linsvc
Training: §cifar-gen-sty-street
 Testing: standard-cifar-test

             precision    recall  f1-score   support

          0       0.02      0.00      0.00      1000
          1       0.17      0.14      0.16      1000
          2       0.14      0.00      0.01      1000
          3       0.12      0.64      0.20      1000
          4       0.08      0.00      0.01      1000
          5       0.07      0.08      0.07      1000
          6       0.12      0.02      0.04      1000
          7       0.16      0.01      0.01      1000
          8       0.17      0.07      0.10      1000
          9       0.16      0.26      0.19      1000

avg / total       0.12      0.12      0.08     10000

**************************************************
   Model: linsvc
Training: §cifar-gen-sty-street
 Testing: standard-cifar-all

             precision    recall  f1-score   support

          0       0.03      0.00      0.00      6000
          1       0.18      0.15      0.16      6000
          2       0.10      0.00      0.01      6000
          3       0.12      0.65      0.20      6000
          4       0.09      0.00      0.01      6000
          5       0.06      0.08      0.07      6000
          6       0.11      0.02      0.03      6000
          7       0.19      0.01      0.02      6000
          8       0.17      0.07      0.10      6000
          9       0.17      0.28      0.21      6000

avg / total       0.12      0.13      0.08     60000

**************************************************
   Model: cnet
Training: §cifar-gen-sty-street-train
 Testing: standard-cifar-train-crop[1000]

             precision    recall  f1-score   support

          0       0.22      0.02      0.04       101
          1       0.11      0.38      0.17       110
          2       0.50      0.01      0.02       100
          3       0.14      0.26      0.18        84
          4       1.00      0.02      0.04       102
          5       0.25      0.05      0.08        98
          6       0.33      0.43      0.38        98
          7       0.43      0.03      0.06       100
          8       0.25      0.36      0.30        97
          9       0.23      0.31      0.27       110

avg / total       0.35      0.19      0.15      1000

**************************************************
   Model: cnet
Training: §cifar-gen-sty-street-train
 Testing: standard-cifar-test-crop[1000]

             precision    recall  f1-score   support

          0       0.17      0.01      0.02        82
          1       0.11      0.49      0.18        93
          2       0.00      0.00      0.00       102
          3       0.11      0.17      0.13        89
          4       0.00      0.00      0.00       122
          5       0.19      0.04      0.06       107
          6       0.24      0.30      0.27        97
          7       0.64      0.07      0.12       103
          8       0.29      0.41      0.34        99
          9       0.27      0.36      0.31       106

avg / total       0.20      0.18      0.14      1000

**************************************************
   Model: cnet
Training: §cifar-gen-sty-street-train
 Testing: §cifar-gen-sty-street-test

             precision    recall  f1-score   support

          0       0.16      0.59      0.26        29
          1       0.23      0.26      0.24        31
          2       0.00      0.00      0.00        30
          3       0.12      0.15      0.14        33
          4       0.42      0.18      0.25        28
          5       0.33      0.25      0.29        32
          6       0.33      0.28      0.30        29
          7       0.30      0.23      0.26        31
          8       0.33      0.37      0.35        27
          9       0.22      0.06      0.10        33

avg / total       0.24      0.23      0.21       303

**************************************************
   Model: cnet
Training: standard-cifar-train-crop[1000]
 Testing: standard-cifar-test-crop[1000]

             precision    recall  f1-score   support

          0       0.71      0.06      0.11        82
          1       0.37      0.17      0.24        93
          2       0.00      0.00      0.00       102
          3       0.23      0.06      0.09        89
          4       0.00      0.00      0.00       122
          5       0.40      0.20      0.26       107
          6       0.37      0.11      0.17        97
          7       0.15      0.85      0.26       103
          8       0.49      0.26      0.34        99
          9       0.28      0.58      0.37       106

avg / total       0.29      0.23      0.18      1000

**************************************************
   Model: cnet
Training: standard-cifar-train-crop[1000]
 Testing: §cifar-gen-sty-street-test

             precision    recall  f1-score   support

          0       0.00      0.00      0.00        29
          1       0.00      0.00      0.00        31
          2       0.00      0.00      0.00        30
          3       0.17      0.06      0.09        33
          4       0.00      0.00      0.00        28
          5       0.00      0.00      0.00        32
          6       0.00      0.00      0.00        29
          7       0.12      0.97      0.22        31
          8       0.00      0.00      0.00        27
          9       0.18      0.24      0.21        33

avg / total       0.05      0.13      0.05       303

**************************************************
   Model: cnet
Training: standard-cifar-train-crop[1000]
 Testing: §cifar-gen-sty-street

             precision    recall  f1-score   support

          0       0.00      0.00      0.00       101
          1       0.07      0.01      0.02       101
          2       0.00      0.00      0.00       101
          3       0.19      0.06      0.09       101
          4       0.00      0.00      0.00       101
          5       0.00      0.00      0.00       101
          6       0.00      0.00      0.00       101
          7       0.12      0.93      0.21       101
          8       0.00      0.00      0.00       101
          9       0.22      0.35      0.27       101

avg / total       0.06      0.13      0.06      1010

**************************************************
   Model: cnet
Training: §cifar-gen-sty-street
 Testing: standard-cifar-test

             precision    recall  f1-score   support

          0       0.00      0.00      0.00      1000
          1       0.16      0.31      0.21      1000
          2       0.13      0.02      0.03      1000
          3       0.16      0.21      0.18      1000
          4       0.22      0.01      0.02      1000
          5       0.25      0.13      0.17      1000
          6       0.34      0.22      0.27      1000
          7       0.55      0.11      0.18      1000
          8       0.18      0.73      0.28      1000
          9       0.35      0.39      0.37      1000

avg / total       0.23      0.21      0.17     10000

**************************************************
   Model: cnet
Training: §cifar-gen-sty-street
 Testing: standard-cifar-all

             precision    recall  f1-score   support

          0       0.04      0.00      0.00      6000
          1       0.15      0.28      0.19      6000
          2       0.14      0.02      0.03      6000
          3       0.16      0.21      0.18      6000
          4       0.20      0.01      0.02      6000
          5       0.25      0.13      0.18      6000
          6       0.31      0.20      0.25      6000
          7       0.52      0.10      0.17      6000
          8       0.18      0.72      0.29      6000
          9       0.34      0.40      0.36      6000

avg / total       0.23      0.21      0.17     60000
