
**************************************************
   Model: linsvc
Training: §fashion-gen-vae-train
 Testing: standard-fashion-train-crop[20000]

             precision    recall  f1-score   support

          0       0.62      0.58      0.60      2034
          1       0.91      0.93      0.92      2027
          2       0.48      0.58      0.53      1954
          3       0.70      0.66      0.68      1962
          4       0.50      0.49      0.50      1927
          5       0.86      0.65      0.74      1942
          6       0.37      0.40      0.38      2069
          7       0.85      0.83      0.84      2066
          8       0.84      0.86      0.85      1969
          9       0.84      0.90      0.87      2050

avg / total       0.70      0.69      0.69     20000

**************************************************
   Model: linsvc
Training: §fashion-gen-vae-train
 Testing: standard-fashion-test

             precision    recall  f1-score   support

          0       0.60      0.57      0.59      1000
          1       0.90      0.92      0.91      1000
          2       0.47      0.59      0.52      1000
          3       0.69      0.64      0.66      1000
          4       0.52      0.49      0.50      1000
          5       0.87      0.68      0.76      1000
          6       0.34      0.36      0.35      1000
          7       0.84      0.84      0.84      1000
          8       0.83      0.82      0.83      1000
          9       0.84      0.88      0.86      1000

avg / total       0.69      0.68      0.68     10000

**************************************************
   Model: linsvc
Training: §fashion-gen-vae-train
 Testing: §fashion-gen-vae-test

             precision    recall  f1-score   support

          0       1.00      1.00      1.00       624
          1       1.00      1.00      1.00       575
          2       1.00      1.00      1.00       595
          3       0.99      1.00      1.00       611
          4       1.00      1.00      1.00       618
          5       1.00      0.99      1.00       593
          6       1.00      1.00      1.00       586
          7       1.00      1.00      1.00       592
          8       1.00      1.00      1.00       611
          9       1.00      1.00      1.00       598

avg / total       1.00      1.00      1.00      6003

**************************************************
   Model: linsvc
Training: standard-fashion-train-crop[20000]
 Testing: standard-fashion-test

             precision    recall  f1-score   support

          0       0.89      0.46      0.61      1000
          1       0.90      0.95      0.92      1000
          2       0.60      0.74      0.66      1000
          3       0.77      0.80      0.78      1000
          4       0.73      0.46      0.56      1000
          5       0.91      0.85      0.88      1000
          6       0.43      0.67      0.52      1000
          7       0.90      0.90      0.90      1000
          8       0.90      0.88      0.89      1000
          9       0.89      0.94      0.91      1000

avg / total       0.79      0.76      0.76     10000

**************************************************
   Model: linsvc
Training: standard-fashion-train-crop[20000]
 Testing: §fashion-gen-vae-test

             precision    recall  f1-score   support

          0       0.98      0.52      0.68       624
          1       0.99      0.98      0.98       575
          2       0.74      0.90      0.82       595
          3       0.88      0.96      0.92       611
          4       0.89      0.63      0.74       618
          5       1.00      0.96      0.98       593
          6       0.55      0.84      0.67       586
          7       0.99      0.97      0.98       592
          8       0.99      0.97      0.98       611
          9       0.95      1.00      0.98       598

avg / total       0.90      0.87      0.87      6003

**************************************************
   Model: linsvc
Training: standard-fashion-train-crop[20000]
 Testing: §fashion-gen-vae

             precision    recall  f1-score   support

          0       0.99      0.55      0.71      2001
          1       0.99      0.98      0.98      2001
          2       0.73      0.91      0.81      2001
          3       0.90      0.96      0.93      2001
          4       0.91      0.65      0.76      2001
          5       1.00      0.96      0.98      2001
          6       0.58      0.84      0.68      2001
          7       0.99      0.97      0.98      2001
          8       0.99      0.97      0.98      2001
          9       0.95      0.99      0.97      2001

avg / total       0.90      0.88      0.88     20010

**************************************************
   Model: linsvc
Training: §fashion-gen-vae
 Testing: standard-fashion-test

             precision    recall  f1-score   support

          0       0.59      0.56      0.57      1000
          1       0.90      0.92      0.91      1000
          2       0.46      0.59      0.52      1000
          3       0.69      0.62      0.65      1000
          4       0.50      0.47      0.48      1000
          5       0.84      0.65      0.73      1000
          6       0.34      0.39      0.36      1000
          7       0.85      0.82      0.83      1000
          8       0.82      0.82      0.82      1000
          9       0.84      0.88      0.86      1000

avg / total       0.68      0.67      0.67     10000

**************************************************
   Model: linsvc
Training: §fashion-gen-vae
 Testing: standard-fashion-all

             precision    recall  f1-score   support

          0       0.62      0.57      0.59      7000
          1       0.90      0.93      0.91      7000
          2       0.47      0.60      0.53      7000
          3       0.71      0.64      0.67      7000
          4       0.50      0.48      0.49      7000
          5       0.85      0.64      0.73      7000
          6       0.37      0.41      0.39      7000
          7       0.85      0.82      0.83      7000
          8       0.83      0.83      0.83      7000
          9       0.85      0.89      0.87      7000

avg / total       0.69      0.68      0.69     70000
