
**************************************************
   Model: cnet
Training: §cifar-gen-styl-wave-train
 Testing: standard-cifar-train-crop[1000]

             precision    recall  f1-score   support

          0       0.29      0.07      0.11        87
          1       0.25      0.27      0.26       113
          2       0.12      0.04      0.06       121
          3       0.60      0.03      0.06       102
          4       0.00      0.00      0.00        99
          5       0.20      0.09      0.12       101
          6       0.15      0.70      0.25        93
          7       0.17      0.53      0.26        86
          8       0.30      0.11      0.16       103
          9       0.28      0.09      0.14        95

avg / total       0.24      0.18      0.14      1000

**************************************************
   Model: cnet
Training: §cifar-gen-styl-wave-train
 Testing: standard-cifar-test-crop[1000]

             precision    recall  f1-score   support

          0       0.32      0.07      0.11        91
          1       0.29      0.40      0.34       101
          2       0.26      0.08      0.12       111
          3       0.00      0.00      0.00       104
          4       0.00      0.00      0.00       109
          5       0.33      0.17      0.22       107
          6       0.16      0.69      0.25        97
          7       0.18      0.48      0.26        98
          8       0.22      0.08      0.12        84
          9       0.38      0.09      0.15        98

avg / total       0.21      0.20      0.16      1000

**************************************************
   Model: cnet
Training: §cifar-gen-styl-wave-train
 Testing: §cifar-gen-styl-wave-test

             precision    recall  f1-score   support

          0       0.08      0.03      0.04        33
          1       0.15      0.33      0.21        30
          2       0.20      0.07      0.11        28
          3       0.00      0.00      0.00        22
          4       0.00      0.00      0.00        34
          5       0.19      0.16      0.17        32
          6       0.14      0.39      0.21        33
          7       0.30      0.62      0.41        32
          8       0.50      0.23      0.32        30
          9       0.13      0.07      0.09        29

avg / total       0.17      0.20      0.16       303

**************************************************
   Model: cnet
Training: standard-cifar-train-crop[1000]
 Testing: standard-cifar-test-crop[1000]

             precision    recall  f1-score   support

          0       0.15      0.69      0.25        91
          1       0.07      0.01      0.02       101
          2       0.23      0.22      0.22       111
          3       0.29      0.04      0.07       104
          4       0.33      0.14      0.19       109
          5       0.00      0.00      0.00       107
          6       0.40      0.06      0.11        97
          7       0.43      0.03      0.06        98
          8       0.11      0.48      0.18        84
          9       0.00      0.00      0.00        98

avg / total       0.20      0.16      0.11      1000

**************************************************
   Model: cnet
Training: standard-cifar-train-crop[1000]
 Testing: §cifar-gen-styl-wave-test

             precision    recall  f1-score   support

          0       0.10      0.15      0.12        33
          1       0.00      0.00      0.00        30
          2       0.00      0.00      0.00        28
          3       0.00      0.00      0.00        22
          4       0.00      0.00      0.00        34
          5       0.00      0.00      0.00        32
          6       0.00      0.00      0.00        33
          7       0.00      0.00      0.00        32
          8       0.12      1.00      0.21        30
          9       0.00      0.00      0.00        29

avg / total       0.02      0.12      0.03       303

**************************************************
   Model: cnet
Training: standard-cifar-train-crop[1000]
 Testing: §cifar-gen-styl-wave

             precision    recall  f1-score   support

          0       0.08      0.16      0.10       101
          1       0.00      0.00      0.00       101
          2       0.00      0.00      0.00       101
          3       0.00      0.00      0.00       101
          4       0.00      0.00      0.00       101
          5       0.00      0.00      0.00       101
          6       0.00      0.00      0.00       101
          7       0.00      0.00      0.00       101
          8       0.11      0.87      0.20       101
          9       0.00      0.00      0.00       101

avg / total       0.02      0.10      0.03      1010

**************************************************
   Model: cnet
Training: §cifar-gen-styl-wave
 Testing: standard-cifar-test

             precision    recall  f1-score   support

          0       0.00      0.00      0.00      1000
          1       0.24      0.39      0.30      1000
          2       0.17      0.01      0.02      1000
          3       0.36      0.00      0.01      1000
          4       0.14      0.49      0.22      1000
          5       0.40      0.00      0.01      1000
          6       0.20      0.21      0.21      1000
          7       0.27      0.25      0.26      1000
          8       0.27      0.29      0.28      1000
          9       0.22      0.39      0.28      1000

avg / total       0.23      0.20      0.16     10000

**************************************************
   Model: cnet
Training: §cifar-gen-styl-wave
 Testing: standard-cifar-all

             precision    recall  f1-score   support

          0       0.10      0.00      0.00      6000
          1       0.23      0.38      0.28      6000
          2       0.21      0.01      0.02      6000
          3       0.24      0.00      0.00      6000
          4       0.14      0.47      0.21      6000
          5       0.39      0.00      0.01      6000
          6       0.22      0.23      0.22      6000
          7       0.26      0.26      0.26      6000
          8       0.27      0.29      0.28      6000
          9       0.22      0.38      0.28      6000

avg / total       0.23      0.20      0.16     60000
